-0.226413,-0.811834
1.843582,0.311179
-1.051587,1.107953
-1.391496,-1.172498
-1.267755,-1.303201
1.112648,0.072028
-1.235768,0.769328
0.307043,0.159267
-0.016004,1.587399
-0.765833,0.864161
1.244742,0.104731
1.517555,-1.482661
-0.761683,1.369230
1.542140,-1.952235
1.090333,0.135722
-0.821083,-0.064017
0.141739,0.962681
-0.568407,-1.598365
1.314155,1.409853
1.189994,-0.295320
0.615743,-0.113619
0.390215,1.091906
-1.497911,1.602908
0.550064,0.340287
-0.817852,1.505781
1.077403,0.862975
-0.200342,-1.709587
-1.337653,0.773110
0.057442,-1.420110
-0.654548,-1.643717
-0.001248,-1.816478
-0.075344,0.821074
-1.966933,1.853738
-1.678793,-0.833004
-0.976603,1.435401
-1.561950,0.820518
-1.087972,1.842851
1.179951,-0.090426
-0.164488,-1.735050
-0.565731,0.902108
0.444915,0.976857
0.119322,-0.144671
-1.059590,1.659854
-0.097127,0.878098
-1.473395,-1.763643
-1.104825,1.736729
0.421599,1.882764
-0.832846,-0.554243
1.803628,-0.880655
-0.352852,-1.498786
0.815457,0.387313
-1.302793,1.060639
-0.199152,1.339513
1.445759,-1.257887
1.450840,1.806511
-0.877372,-0.837205
-1.346617,-0.567574
-0.470333,0.895013
-1.934552,0.809004
-0.564643,1.215563
1.798309,0.860149
-1.891209,0.657163
0.520297,0.260328
1.704732,1.877704
-0.987232,0.658905
-0.158353,0.866594
0.603349,-0.889715
0.316892,-0.040826
-0.973098,-1.594236
-1.597922,0.351271
-0.657870,1.865447
1.334900,0.613362
1.586990,0.242365
-1.152243,-0.329607
-1.831257,-0.339238
0.445185,0.995139
-1.383969,-1.571073
1.249917,1.296721
-1.553413,1.107456
-1.268274,1.236428
0.034679,0.418155
-0.382074,1.016379
0.910321,-1.541039
-1.571356,1.177342
0.958064,0.083536
0.223912,1.720021
1.385234,-1.826839
-0.947964,0.080257
-0.084034,-0.927637
1.339931,0.954398
-0.728430,1.280609
0.465687,0.781899
1.821593,1.932836
-0.475665,0.157695
-1.751934,0.244996
1.786266,1.510738
-1.796249,0.303811
0.734236,-0.214591
1.397760,0.776439
1.980369,-0.233674
-0.141646,0.512158
0.289521,1.599668
-0.818973,-1.839746
-1.572289,1.697031
-0.342644,0.567978
-1.169246,0.855941
0.205033,0.075941
1.356574,1.292600
-1.810324,-0.456346
1.201707,0.022745
-1.093272,0.612886
1.864512,0.768842
-1.687735,-1.104555
-0.131774,-0.633256
-0.694051,1.152665
-0.210003,0.350146
-0.253066,1.002214
-0.427309,-1.234683
-1.614244,1.672264
-0.449749,-0.040441
-0.793874,-0.163846
0.599477,-1.931975
0.545279,0.169552
-1.886349,-0.190362
0.628731,-1.884074
1.516588,-0.252614
-0.916043,-1.808885
-0.831187,-1.874683
-1.385097,1.359339
-1.795142,-1.203135
-0.659918,-0.875706
0.029379,1.543874
-0.699651,1.626166
-1.175131,0.872236
0.207383,-0.451154
1.096633,0.068847
-0.111195,-1.187500
-0.293315,0.112477
0.714275,-0.770073
-0.130155,-0.757073
1.373460,0.106447
0.125761,-1.067360
-0.893689,1.001628
-1.144294,0.258806
-0.169510,-1.913795
1.614503,0.676717
0.244877,0.469751
0.197692,1.102273
1.341156,-1.279289
1.210947,1.860302
1.207771,1.561940
1.318686,-1.304855
0.823047,0.219862
-0.110507,0.385927
-0.530040,-0.466813
-1.403975,-0.450403
-0.620007,-1.634352
-1.577617,0.077388
1.687429,-0.317187
1.048087,1.704033
1.967332,-0.308114
1.571311,1.460576
-1.977915,0.745442
0.292038,-1.526417
-1.457958,0.563007
0.085869,-1.091561
0.011479,0.950649
-1.799942,0.226797
1.702442,1.440846
-1.062898,-1.383649
-1.779469,1.523712
-1.841443,-1.098897
0.720820,0.621625
0.530847,-0.635344
-0.157740,-0.629616
1.274341,-1.428614
0.134437,-0.862680
1.235388,1.949399
1.456103,-0.798777
-1.468592,0.612892
-1.939558,-1.649892
-0.377288,-0.004386
-0.017134,1.532761
1.020939,0.496922
0.961823,1.244211
0.231947,1.144179
-1.191444,-0.367336
0.538929,0.667019
-0.637526,-0.155269
0.329712,0.790760
-1.589174,0.860687
0.395650,-0.222982
-0.163156,1.841235
0.395715,1.929993
-1.676138,-0.294556
-1.361450,1.089220
1.904641,1.478126
0.026292,0.179664
0.394150,-0.884985
1.965988,1.910716
-0.385710,1.922168
-1.084871,0.246667
1.621532,-0.394196
1.169253,1.964479
1.294891,-1.952139
-1.626503,-1.099066
0.569606,0.274622
0.981130,-0.703906
0.589240,1.776248
1.244238,1.206039
0.376081,-1.697934
-1.667212,1.700101
0.918239,0.984827
-1.910181,-1.240095
-0.931990,1.666395
-0.190667,-1.174146
-1.112933,-1.987145
-1.091768,1.528882
-1.903530,-0.915796
-0.514115,-1.798090
1.567328,1.444715
1.107556,0.949711
-1.330396,0.682567
-0.011107,-0.618486
0.017954,1.656207
0.224935,-1.428300
-0.112078,-0.985460
0.335233,-0.012818
0.355844,-1.113434
-0.124462,-1.455822
-1.060760,0.460961
-1.891049,1.968160
0.619277,-1.600564
1.797093,1.209398
1.896989,-1.326372
-0.048179,-0.274597
1.371634,-1.744459
-1.706299,-0.140926
-0.298916,0.392888
-0.490433,0.120124
0.957390,-1.560180
1.475157,0.583207
-1.711980,0.503305
1.836264,-0.774003
-1.891253,-1.992368
-0.676264,0.495637
-0.559074,-0.861149
1.741193,-0.405601
-0.779359,-0.805561
0.356511,-1.066569
0.252385,-0.769453
-1.053018,1.355747
0.899641,-1.182970
1.087674,0.902027
1.645902,0.848792
0.227238,-0.871909
1.382858,1.492787
0.649937,-0.711470
-1.914200,0.175985
0.023637,1.642804
-1.274695,-1.232718
0.617936,-1.910679
1.081517,1.376344
0.004622,1.043725
0.826053,-1.564836
0.268323,-1.449141
-0.840972,0.584951
0.073944,1.283822
-0.712670,1.020225
0.733011,-0.406036
1.939289,-1.679523
0.151221,0.616857
-0.642266,-0.132144
0.193426,0.379905
-0.972079,1.341517
-0.082051,0.791026
-0.543317,0.256918
1.157548,1.763202
-1.959848,-1.401993
-0.079197,-0.750986
-0.883084,0.233159
-0.641288,-0.898743
-0.644571,-0.587719
-1.424920,0.471777
-0.455582,-1.532491
0.359265,1.828866
-0.776103,-0.178292
-1.929494,-0.509284
0.508806,-0.720602
0.395027,0.538699
0.125637,-1.008343
-1.589306,-0.800455
0.644543,0.807062
-1.987353,0.903101
-0.931522,-1.093834
-0.241903,-1.290986
-1.883939,-0.362040
-1.545937,-0.947248
-1.806797,1.459031
0.705552,-0.612946
1.953906,-1.893106
-0.103992,1.852082
0.539834,-1.077836
1.081155,-0.433205
1.879584,0.466281
0.841276,1.046767
0.905798,0.785478
1.048526,-1.415209
-0.146792,-1.889054
1.759032,-1.144445
1.448199,1.145118
-1.797027,0.351883
0.099016,-1.907523
1.728092,0.646213
1.737139,-0.181278
0.055001,1.576057
-1.987903,-1.530952
0.637463,1.216101
0.055374,1.369048
-1.564623,1.437863
-0.652679,0.754032
0.147894,0.043138
1.949147,-0.195332
1.755825,-1.901780
-0.765240,0.838760
1.615132,-0.482599
-1.785524,-0.240304
-0.998251,-1.349561
-0.399687,0.974589
-0.813564,0.000949
-0.361496,-1.552842
-0.040766,1.263911
0.565504,-1.000320
1.516050,-1.579564
0.403944,-0.326330
1.859420,-1.071870
-1.874602,1.744430
-1.870053,0.109573
-1.509487,-1.360360
0.336069,-0.739484
0.701482,-1.456259
0.825750,-1.894469
1.316266,-1.150026
-1.705831,1.279077
-1.670516,1.336709
1.708328,-1.557191
-1.463366,-1.401949
1.291643,-1.153538
0.387034,1.347073
-0.333418,0.491409
-0.346049,0.060901
1.385897,1.521830
1.208688,-1.822098
-0.158585,1.173217
1.566431,-1.641376
0.240965,-1.586513
-0.434020,-1.471478
-0.738884,1.764963
0.845626,1.566099
0.258600,-0.467969
0.647302,1.572254
-0.161610,-0.679775
-0.045173,-0.647703
0.072531,1.820371
1.019742,0.831761
-0.613744,0.312339
1.898924,0.421551
1.644550,1.574120
0.955440,-1.868771
-0.811033,1.019234
0.906669,-1.095884
-0.255259,0.700347
-1.604742,-0.792685
1.223108,1.728049
0.928929,-0.270583
0.087119,-1.347675
1.088799,-0.644842
1.295060,-1.621523
1.867475,-0.093628
-0.517058,1.376808
0.302406,-1.307471
0.119065,-0.930717
-0.583596,0.149954
-1.546050,1.543477
0.335158,-1.169679
1.098142,1.011049
-1.522942,1.453255
-0.690586,1.764760
0.910965,1.366690
-1.526024,1.792353
0.333894,-1.691745
1.707160,1.150464
-1.744514,1.815749
0.935566,-1.432901
-0.673687,-1.222504
0.018059,-1.436031
-1.422891,1.070100
-0.383352,-0.267785
-0.695056,-0.008794
1.455003,-0.085521
-1.292106,-0.525064
1.483584,0.920452
-0.708010,-1.729137
0.575301,-1.461323
-1.146033,1.594926
1.526317,1.939384
0.307257,-1.881110
1.064859,-0.878417
-0.764815,0.533478
-1.309179,1.960054
-1.255396,-0.424593
1.663635,0.603316
0.164949,1.057054
0.951064,-0.953832
-0.530485,-1.735317
1.425647,0.909556
0.336313,0.589480
-0.451579,0.074552
-1.174147,1.576085
0.059483,0.668745
0.817329,-1.982930
-1.743496,0.971091
-0.381153,-0.135541
0.183654,1.499472
-0.456219,-0.455789
1.757037,0.273004
-1.350991,-1.517223
1.127395,1.624116
0.281923,1.509734
-0.421596,-1.938399
1.786566,1.072685
0.814479,-1.482055
-1.832174,-1.468864
-0.788698,-1.668764
-1.936366,-0.064239
-0.706646,-0.689315
-0.862266,-0.659964
-0.072810,-1.904305
1.248790,-0.633295
-1.389864,-0.884411
-0.580846,-0.823038
-0.895692,1.266664
-1.080164,1.078486
-0.694245,-1.239424
-1.847003,0.685044
1.175590,-1.212110
0.240895,-1.654802
0.929564,1.799824
-1.239993,1.903830
1.733070,1.699467
-0.058155,-1.310171
-1.221159,-1.799217
1.021307,0.079268
-1.272028,0.449124
-1.384535,1.587686
1.257591,-1.639161
0.133509,0.152119
-0.864167,-0.870064
0.751294,-0.369840
1.314663,-1.764490
0.668289,-1.867717
-1.503853,1.108562
-1.212533,-1.186012
1.117060,-0.146767
-1.441525,1.743673
-0.111557,-0.274531
-1.358127,-0.093742
-0.208705,-0.906716
-0.834254,-0.294320
-0.033290,1.593001
-0.297192,1.780729
1.056115,1.177599
1.826213,0.990444
-0.895094,-1.258801
-1.225676,0.474547
1.561793,0.734212
-0.488774,0.637284
0.014180,-0.348415
1.652208,1.251415
-1.837235,-0.738872
1.072344,-0.541261
-0.698434,-0.929487
1.908788,-0.644789
1.705529,-0.167812
1.226595,1.318755
-1.932553,1.084844
0.906477,1.852114
1.216597,-0.960831
1.195231,1.399263
-0.329790,0.510809
0.995495,0.596544
-0.514241,1.051850
-1.725496,1.383379
-1.350786,0.862674
1.746778,-1.448467
-1.951894,0.265555
-1.171724,-0.376790
-1.162318,-1.989297
-1.720426,-1.015718
1.169868,0.505642
0.561436,-1.681089
-1.445679,-0.729218
-1.120666,0.757164
-0.685667,1.503477
-0.778823,-1.080503
1.743430,0.312581
1.416434,1.009806
-0.263531,1.677431
-1.334429,1.860842
-0.611998,0.084306
-1.166759,1.473252
-0.909449,-1.654346
1.320121,0.843121
-0.783340,1.893873
-0.184289,1.368895
1.101558,1.310764
0.771721,1.419370
0.224279,0.505829
0.117646,-0.503415
-0.203541,-0.142397
-0.066101,-0.265657
1.556590,1.816668
-1.590867,0.034111
1.719151,-0.342978
-1.510660,1.423694
-1.857162,0.997795
0.035493,-1.892500
-0.603163,1.305883
-1.492930,-0.971901
1.287491,1.893372
0.645926,-0.395901
-1.874709,-1.063504
-0.352112,1.205029
-1.265143,0.061403
-1.509683,-1.978885
0.915816,1.299336
-0.932472,1.157610
1.650002,0.340984
-0.866522,0.056815
1.573048,0.758650
0.681736,1.759907
0.709351,1.340484
-0.744744,1.372533
-1.544131,-1.589489
0.749162,1.520721
-1.323618,0.703191
0.335932,-1.903804
0.725040,-1.548304
-1.790643,-0.687059
-1.143285,-0.965506
0.374449,1.094700
0.492319,-0.968318
-1.714227,-1.063095
0.255114,-1.857029
0.494241,-1.142064
-1.195806,0.640955
-1.746360,-1.091741
-1.789810,1.364781
-0.988629,0.083714
-1.403443,-0.469836
-1.595058,1.652252
-0.205574,1.123623
0.812845,0.704818
1.027873,-1.134581
-0.383072,-1.823734
-0.335933,-0.372454
1.521411,0.908630
-1.698672,0.575925
0.495251,-0.875952
1.320010,-1.121782
-1.654274,1.070563
-0.059863,1.407376
0.590735,-0.177743
1.934464,-0.939537
0.182060,-0.613721
-1.065675,-1.304140
1.652008,1.410749
-0.535651,0.791269
0.282964,-1.321715
0.786781,-1.294001
0.821044,-0.859295
0.959567,0.222844
-0.761422,1.981228
1.286948,0.538540
0.600539,-0.117714
-1.801260,-0.242880
0.863196,0.840517
-1.277103,-0.392669
-1.859332,-0.151244
-1.993795,-1.283635
-1.909217,1.581778
0.328434,-0.114343
1.427104,-0.975299
0.699199,-1.388064
1.292494,1.817209
0.778075,-0.854761
0.895330,1.629618
-1.746336,-0.270169
1.932813,-1.380100
1.196657,-1.003074
-0.109413,1.217062
1.799084,1.735453
1.211157,1.241338
-1.495097,0.425540
1.104915,-0.143944
-1.161403,0.952253
-0.662774,-1.378904
0.770725,1.298761
-0.281631,-1.617465
-1.560667,-0.240341
-1.208241,-1.706441
-1.522719,0.373706
-1.909266,1.901232
-0.358129,1.738521
-0.477288,-1.035481
0.632040,0.598621
1.082063,0.234271
0.756830,-1.120573
-1.150514,1.492884
-0.338927,-1.519667
1.338653,-0.886513
-0.145865,-1.093646
0.735923,-1.220878
0.524796,-0.198421
-0.221715,0.325538
-0.672531,-1.590275
1.774362,1.544540
1.525932,0.112803
-1.268438,-1.191479
-1.053170,1.066826
-1.312423,0.373311
0.908906,-1.601625
0.881145,0.147156
0.978026,-0.149527
0.029363,-0.475987
-1.021354,-1.668538
-0.752123,0.391651
0.474294,0.818733
1.685917,0.268322
-0.766899,1.659927
0.161801,1.968917
0.875010,0.678328
0.773725,-1.347142
-1.849920,-0.671003
-0.839393,1.839519
-0.484515,-1.655685
-1.618009,-1.345387
1.518466,-1.612910
-0.238790,-1.129867
-1.335838,1.259700
0.241865,0.911988
-0.865181,-0.522370
1.058960,-0.880320
1.905779,1.805364
-1.744155,1.790678
1.107862,1.101269
0.830051,-0.677092
1.646293,0.546113
-0.789671,1.617111
-1.660203,-0.604744
-0.973468,-0.416956
-1.914866,-1.670383
-0.494146,-1.609971
0.379694,-0.403621
-1.510200,-0.344920
-1.291367,-1.553353
-1.406941,-0.276538
0.520667,1.303645
-1.578245,-1.196928
-1.226202,1.172453
-0.770268,0.269632
1.220142,-1.319426
0.896028,0.603028
1.360844,-1.152411
-0.706042,0.908243
-0.752629,1.124437
0.292596,0.631956
0.155546,0.713345
0.080625,-0.663272
-1.528570,-1.407851
-0.225808,1.842756
-0.873704,0.041648
0.290327,-1.725942
0.818264,1.116772
-0.106673,0.272843
1.176302,-1.824751
-0.680263,1.245844
1.799861,0.853026
1.924494,0.735765
0.087169,-0.286931
0.896165,1.700184
-1.089676,1.279050
1.431748,-0.196699
-0.672227,0.213143
-0.256511,0.638807
1.831240,0.100315
1.230833,0.419253
1.951352,0.475807
0.635633,1.315775
-0.113626,-0.908427
0.435273,0.703911
-1.743476,-1.319750
-1.286974,1.662798
-1.642027,-1.413441
0.034362,1.683176
-1.024970,-1.845518
-1.480887,-0.845010
0.053845,-1.658466
-1.640947,-1.578150
1.093739,-0.177907
0.832092,-1.680191
-1.693551,-0.562571
0.719845,0.684529
1.812248,-0.592723
0.132340,-0.346392
-1.341496,-0.377812
-1.356395,1.707847
-0.085393,-0.255556
-0.919113,-1.989554
1.340461,-1.723165
-1.612271,0.327055
1.246617,-1.208917
-0.802104,0.134972
-1.624358,-1.491165
0.738353,-1.719248
-1.415903,-0.873529
-0.206583,0.270709
1.841238,1.348712
0.921723,-1.042707
1.165698,-1.162785
-0.476833,0.684984
-1.094453,1.260710
-1.983974,0.172274
1.802556,0.679850
-1.860867,1.037273
-0.077769,0.656988
-1.014362,1.770515
-0.559559,-0.984205
0.884370,0.706509
1.364675,-0.945218
0.386001,-1.239815
1.805313,0.663464
0.111338,-1.310161
-0.517891,1.785648
0.869311,-0.142318
1.945394,1.493478
1.787768,0.847789
-0.136306,1.099987
-1.852559,0.886420
-1.729827,1.726378
-0.190219,1.483373
-1.552538,0.824156
-0.973358,-0.967966
1.175226,-1.792424
-1.428530,1.792406
-1.646352,-0.616547
-0.419550,-0.547900
-1.079651,1.344201
-1.591714,-1.326576
1.682473,0.084989
1.984060,-0.673656
-0.845618,1.864814
1.339382,-0.545044
-0.123280,0.138886
-1.669575,-1.640509
-1.546927,-0.989351
-1.005064,1.529292
-1.078650,-1.065521
-1.579874,-1.775826
-1.025489,1.899915
0.127917,1.321870
0.153603,-1.723612
1.172400,-1.493679
0.150772,-0.977910
-1.162559,-0.602412
0.885534,0.940729
-0.998473,0.155775
0.703549,0.072985
0.870937,0.885763
-1.649802,-0.152279
-0.376660,-1.394259
-1.782677,-0.976832
0.934747,-0.102422
0.856676,-1.452038
1.382316,1.426393
1.966108,0.120238
-0.475831,0.219342
-0.732636,-0.983795
-0.523829,-0.219539
1.901545,-1.658804
1.342764,1.074872
-1.236881,0.490246
0.006987,-0.573114
-0.427926,-1.425054
-0.488080,-1.403822
-0.536397,-1.168748
-1.965268,-1.962726
1.198677,1.400864
-0.917786,-1.213803
-1.322976,0.034274
-1.621164,-0.421450
-1.456000,0.419691
-0.158604,1.565622
1.327050,-1.751126
-0.991126,-0.256695
-1.266813,1.054025
-1.174842,-1.389505
0.886490,0.765561
0.637992,-1.138989
1.139155,-1.508100
-1.831741,-0.097200
0.234765,0.166333
-0.941461,1.972833
1.697831,-0.643231
-1.611383,0.055125
0.776940,1.880223
1.013581,-1.161115
1.353706,0.417463
-1.833799,-0.743087
1.049287,-0.373428
-0.770079,1.948487
-0.170550,-1.947190
-1.286056,1.625782
-0.996349,1.690288
1.346635,-0.285273
0.309754,0.166722
1.128426,-1.012919
1.679486,0.671000
0.380639,1.638002
0.716529,-1.346770
0.854209,0.329637
1.237753,-0.830610
-0.200330,1.967448
-0.764431,-0.011506
-0.815250,0.479590
1.650195,1.452732
1.519331,-1.237512
-1.367934,-0.586942
-0.096193,-1.741637
1.496087,-0.267414
-0.549782,1.462064
1.830526,-0.644046
1.229869,1.058769
0.957653,1.041444
1.163139,-0.100579
-0.057168,-1.430225
-0.840187,-0.074016
1.096197,-0.065987
-0.915883,-0.586855
1.033872,-0.471910
-1.999095,1.310697
1.310680,-1.269394
-0.280767,-1.101848
-0.662420,0.802819
-1.521701,0.890932
-0.013695,1.254078
1.534961,0.125843
-1.034424,0.267234
-0.909145,-0.890374
0.545563,-1.526972
-1.101192,-1.657163
-0.982746,-0.128556
0.155851,0.747365
0.961445,-1.491018
-1.266157,0.899743
-0.546893,0.031679
1.413898,0.746346
1.930957,-1.803675
-0.351087,1.172138
1.974716,1.665809
1.101904,-0.297437
-1.534011,0.524410
-1.386674,1.737112
-1.524934,-0.542276
1.123713,-1.819269
-0.377365,1.061190
0.413927,-0.328035
0.934951,1.338047
-1.053688,-0.459757
-1.325419,-1.552569
-1.473438,1.423376
1.416179,1.032616
0.602014,-0.547594
-1.938270,-1.902861
0.089673,-0.228139
0.804155,-1.358772
1.423627,0.678732
0.713029,1.300800
-1.728540,1.018774
-0.386812,-1.586196
-1.743562,-1.441184
1.009116,-0.042260
-1.816165,-0.227657
0.962538,1.969539
-1.733928,1.143299
0.602971,1.987124
-1.473974,1.691270
0.652750,-0.254390
-1.130307,1.524030
1.547818,0.655216
1.821720,-1.815271
-1.193960,0.737790
-1.703987,-1.541576
0.164092,0.801618
-1.120782,1.006765
1.635421,1.436952
-0.499494,0.809297
-1.860161,-1.062213
-1.288674,-0.848458
-0.028397,0.537372
0.810927,1.603443
1.060448,-1.513465
1.057046,0.148609
0.519377,1.068091
-0.173593,0.532770
-1.931478,0.337034
0.381238,-0.190406
0.043972,-1.165852
1.074406,-0.861151
-0.192127,1.832722
0.771148,1.939251
0.078441,1.265445
1.713751,-1.954166
0.707491,-0.287829
0.304045,1.834296
-0.385638,1.706365
-1.859343,-0.724454
1.242650,-1.320823
-0.768362,1.857622
-1.673477,1.396457
-1.923419,1.132221
-0.592575,1.228130
-1.708266,1.137603
-0.282305,-0.867354
0.722233,-0.099488
0.062592,0.754978
-1.857249,-0.638435
0.849489,-0.333805
-0.881980,-1.671538
-1.242651,-0.999988
-0.827089,-0.841736
0.290396,-1.493671
-1.263668,-0.735295
-1.034712,-0.975549
-0.686402,0.610207
0.720961,1.518868
-1.789205,0.485310
1.932756,1.992637
-0.390325,-1.743247
0.740092,-1.752069
1.909018,-0.942447
1.999723,-0.088956
-0.757705,-1.988254
0.935434,-1.964275
1.342327,0.574489
1.163804,-1.944375
-0.640411,0.283389
1.376806,0.487381
-0.245941,-1.187939
-0.608426,0.862951
1.544725,0.772533
0.945549,-0.849055
-1.400583,1.768538
-0.582086,-0.923293
-0.289605,1.301683
1.697567,0.666735
-1.251240,-0.119536
1.674395,1.059235
1.274368,1.668758
-0.684776,-0.146041
0.973124,-1.141412
-0.432496,1.023789
1.586930,-1.405071
0.717573,-0.552455
-0.021726,-1.532643
-1.166551,0.513872
0.391862,-1.522691
1.071753,1.985387
-1.799231,-0.999315
-1.019849,1.994646
0.326161,-1.662584
0.076324,1.369748
-0.712732,0.280474
-1.278644,-0.708075
0.267314,-0.237364
-0.567179,0.639228
-1.195759,0.470657
-0.999677,1.177002
0.712250,1.547499
-1.108636,-1.824060
-0.561379,0.133651
-1.390280,0.881831
0.509870,1.896553
1.573761,-0.568760
1.306860,-1.564349
0.563878,0.716257
-0.065750,0.032932
0.660481,1.461247
1.307968,0.187090
0.773785,-1.154335
0.992616,-0.836983
1.361188,1.857526
1.190026,0.592228
1.573841,-0.231935
-0.950735,0.864583
1.300429,0.209551
-1.884581,0.311727
1.842624,0.570116
-0.948442,1.444900
-1.113528,-0.476785
-1.139346,-1.248695
-0.956526,-1.646451
0.678793,1.347673
0.031407,0.706797
-1.513368,1.192458
-1.339274,1.139867
-0.139743,0.179660
1.561324,1.043796
1.116103,0.944408
1.755450,-1.088979
-0.589585,0.375216
1.646706,-1.843757
0.119641,1.113993
0.972792,0.927063
-1.708431,-1.119315
0.863047,0.786163
-0.310207,0.258415
1.668935,-1.475295
-0.903870,0.321238
-1.878903,1.934050
-0.613560,-1.221595
-0.262685,-0.689413
0.549979,1.425808
0.913760,1.197657
-1.186863,-0.747524
-1.095393,1.583164
1.307272,-1.863313
-0.115345,0.691392
-1.305751,-1.140194
1.671025,-1.118063
0.867126,1.389193
-1.678801,-0.855519
-1.287393,0.345888
-1.773876,-0.047146
0.999302,0.923734
-1.204152,0.306337
0.245682,0.184206
-1.899568,0.435652
-0.025643,-1.187638
-0.526606,0.320731
0.949917,-1.135492
-1.109746,-1.479491
-1.667356,1.859319
0.263823,-0.109833
1.344720,-1.693642
1.723715,-0.143606
-0.725499,-1.150311
-1.859222,-0.729082
1.883210,-1.629222
0.931821,1.036891
0.963280,0.791424
-0.530076,-0.466546
1.971394,0.715301
-1.159164,-1.422978
-0.994516,-0.441915
1.171971,-1.232652
-0.346984,1.353537
1.758790,-0.541183
0.333938,-1.983428
-1.402478,1.112213
1.367463,-0.188539
-0.632804,-1.532719
1.595993,1.605014
1.648697,0.073942
-0.646607,-1.806343
1.732222,-1.688723
1.938459,1.539508
-1.227653,1.138719
-1.786883,-1.964607
-1.118707,-1.303983
0.233049,-1.281792
-0.534059,1.885161
1.811214,1.424975
0.570483,-1.148047
0.573274,-0.609118
-1.582502,1.210145
0.005829,0.966733
0.444743,-0.833769
0.768148,-1.830285
1.300647,-0.672479
1.039986,0.552188
0.321952,-1.108561
0.605880,-0.788943
-0.686612,-0.043938
0.851931,1.726526
-0.651390,-0.573323
1.857497,-0.649002
1.700879,-1.773156
-0.666186,-1.056803
-0.329401,1.879031
-0.344212,-0.827130
1.197864,-0.612020
0.424318,-0.518110
-0.341618,0.391163
-0.962105,1.429873
0.942505,0.751828
-1.502726,0.457868
0.849127,-1.818924
1.173578,-0.711683
1.620749,1.085615
-0.299156,0.143939
-0.174015,1.622247
-1.342094,-1.940939
-0.262910,-0.581254
-1.757080,1.383381
-1.190007,-0.768499
0.593492,-1.901297
0.355030,-1.409716
-1.347473,0.343030
0.086087,0.234539
-1.410815,0.004984
0.207763,0.158122
1.705004,-1.206843
-1.079613,0.297364
0.399402,-1.440246
-0.661099,-1.409077
-1.326448,-1.665323
-0.769553,-0.480550
1.810161,1.259306
-0.845567,0.577084
-1.309330,-0.493118
-1.321669,0.851015
-1.042010,0.477614
0.253787,-0.142456
-0.388660,1.509994
-0.966585,-0.937137
-0.341300,-1.440586
1.880761,-0.424321
-0.906537,-1.721662
-0.831669,-0.150264
1.711580,1.003462
-1.191550,0.275633
-0.860463,-0.468866
1.458665,0.294890
1.166933,0.152709
-0.872111,-0.033095
-0.796616,-0.449402
-0.438458,-0.531404
0.661323,-0.671256
-0.026841,-0.362085
0.294776,-1.339947
-0.812969,-1.048367
0.795087,0.968178
-1.671072,1.583399
-0.161968,1.969685
1.292135,-0.112381
-1.615761,-1.285336
-1.834151,1.932153
0.644378,0.472878
0.342799,1.717645
0.446906,1.982191
1.838760,-0.596230
-1.334518,-1.287000
-0.016432,-1.524676
-0.509918,-1.786315
-0.890957,-1.399778
-0.858146,-1.272622
1.936039,-0.770376
0.252156,-0.641078
1.380677,-1.626651
-0.833444,-0.557316
1.130664,0.012167
-1.188957,-0.227699
0.127218,0.509497
-0.364873,-0.447698
1.856519,0.531761
1.616653,-0.215879
0.059910,0.702777
0.767008,1.211652
0.340869,1.334435
1.103963,-0.281737
-0.585870,0.047755
-1.406209,0.229937
0.625454,1.856075
0.842385,0.169241
-0.700952,-0.621778
0.133831,-0.193769
0.975740,-1.173249
-0.993971,-1.193176
-1.356535,0.702217
0.291507,0.521844
-0.090247,-1.867929
-0.415532,-1.543869
0.326814,-1.715751
-0.150495,1.679247
1.686632,1.424427
1.795768,-0.095693
-0.400991,0.587091
-1.207246,1.617638
-0.595391,1.784042
-1.086980,1.475588
-1.225388,1.599371
1.028408,-0.314053
1.981742,0.080622
-1.453327,-1.101454
0.637339,1.516979
0.024641,1.242678
-0.530824,-0.973558
0.161425,1.581127
-1.120320,-0.149926
0.295921,-0.842601
1.970015,-0.117562
-1.104104,0.419332
-0.858183,-0.739122
-1.660650,1.117725
-1.768302,1.892854
-0.556980,1.967274
-0.865397,-1.923240
0.287899,-1.693093
1.176083,0.039875
-1.739858,1.303064
0.056491,0.428071
-0.334045,-1.302996
1.139851,1.507233
1.080862,1.064560
-1.664680,1.849394
1.821204,0.439561
-0.815753,-1.303127
1.290219,1.319255
0.477205,1.908177
-1.013033,0.795649
-1.505878,-0.497672
-0.405013,-0.943794
-1.761324,-1.753137
0.509860,-1.201715
0.223608,0.799518
-0.960353,-1.632545
0.500040,-1.212214
-1.170156,-1.771793
0.741930,-1.115547
1.703424,0.259215
-1.179124,0.257028
-1.768883,-1.993311
1.025803,-1.022087
-0.893764,0.026426
-0.541130,-0.929328
-0.887985,-0.208226
0.602732,1.911034
-1.607786,1.730213
0.805120,-0.760761
1.856302,0.834599
0.746339,0.430137
1.263727,-1.131839
0.699599,1.212329
-1.605394,-1.284611
-0.185309,-0.437222
-0.129262,0.868967
-1.925037,1.992668
-0.572198,1.291420
1.815331,0.014256
1.208311,-0.787505
1.513292,0.317729
-0.239954,0.936522
0.816491,1.830645
0.526869,-1.124998
-1.815192,-0.532824
-1.139212,-1.279566
-0.351514,0.032342
-0.622756,-0.131385
-1.840866,1.718568
0.507115,0.130933
0.378696,-0.825720
-1.793265,-1.459883
-1.204772,-1.886373
-0.348479,0.498720
-0.420564,-0.595890
1.728724,-1.237233
-0.574201,-0.582024
1.028699,1.188692
1.452532,0.018061
-0.358688,1.906971
1.873588,1.172518
1.358036,-0.982309
-0.454978,-0.048140
0.278798,-0.938082
-1.718515,0.441664
-0.022382,1.671952
1.685227,1.908411
1.001562,1.666147
0.284736,-1.281436
-0.841042,1.703176
1.340875,-1.771848
0.447246,-1.654085
-1.776517,-0.660231
-0.490689,1.583930
-1.464983,1.836683
-1.239544,1.676272
1.327261,-1.110552
1.966878,-1.193378
-1.959392,0.587833
-0.754774,0.430991
-0.667199,0.818254
-0.608010,-0.601320
0.080645,-0.889534
0.648980,0.548883
1.223067,-0.695692
1.749396,-1.564741
-1.186867,1.911847
0.417829,-0.519880
1.142948,-0.382414
1.470007,0.622471
-0.165372,0.907923
0.889025,-0.283252
-0.083255,0.096685
1.268339,-0.335920
-0.745937,1.406561
-0.790237,-0.074134
1.619582,-1.825379
1.729719,0.055025
-0.488277,-0.850554
1.444058,1.676271
1.161416,1.122610
0.761021,-1.538911
1.843824,1.104228
-0.173010,1.353848
-1.805690,1.176094
1.424003,-1.732519
-1.851007,0.443694
1.123502,1.036517
1.134427,0.632283
1.531590,1.434609
1.632023,0.952629
-1.703609,-1.275052
-1.723531,-1.286114
-1.263180,-1.511295
1.596455,-0.514079
0.383935,0.494131
0.114448,-0.111689
-0.629455,0.952425
1.099747,1.579894
-0.345621,1.026719
1.356288,-0.741694
1.687801,-0.032477
-0.427256,-0.719661
0.964507,1.760172
-1.563816,0.749848
-1.448594,-0.137823
1.743854,0.829025
0.598855,-0.485735
1.086336,-1.048973
0.763832,-0.169413
0.583285,-0.199815
-0.549651,-0.333520
-1.604926,-0.004883
-0.759716,-1.264226
-1.365080,-0.149297
0.291957,0.003071
-0.039316,1.658934
1.494874,-0.641167
0.404375,1.064133
1.851257,-1.949223
-1.623047,1.999715
-1.128261,-0.857435
-1.601643,-0.202434
-1.721269,0.085914
1.777713,1.699153
0.239971,0.335004
-0.079886,1.970674
1.688556,0.436152
0.611787,1.199870
-1.232263,-1.198279
-0.868693,-0.146694
-1.135834,1.538014
-1.652027,-0.981248
0.191419,-1.454700
-0.764514,-0.531835
-1.724278,-1.143016
1.971204,-1.576678
-1.619056,0.448576
1.071193,-1.669377
1.142892,0.424105
-0.732035,1.765192
-1.584537,0.525045
1.552918,0.622326
0.233235,-1.685319
0.521580,1.540861
0.403694,-0.252258
-0.249578,-0.241649
0.577391,0.402977
1.399174,-1.509563
-1.998360,0.096236
-1.333544,1.750131
1.170015,0.147833
-0.516929,-0.146345
1.975122,0.472455
1.280437,-0.875184
0.946654,0.314381
0.344119,-1.432192
1.465012,-0.971017
0.472211,0.894223
1.267866,0.947565
-0.795031,0.060445
-0.284206,1.319996
0.682411,-1.373104
-1.987038,-0.795075
0.072589,-0.358925
-0.189009,-0.855825
1.990993,1.390217
-0.403491,0.414935
-0.875640,0.419393
-1.303007,-1.977928
-0.803926,1.267067
-0.245195,0.378783
1.296660,-0.054918
-0.493705,1.236198
1.424042,0.005565
0.740047,-0.381768
-0.196971,1.706901
1.085428,0.711708
1.627663,0.319232
-0.136121,0.720589
-1.402536,-1.988818
0.376762,1.207184
0.090489,1.977964
1.106074,-1.661029
-1.587910,-0.344985
0.468648,1.699616
-1.582278,0.923046
0.778683,-1.693068
1.045048,-0.525855
0.548320,1.643144
-1.899340,0.128695
0.491132,-1.528790
-0.170176,0.595158
0.136784,0.768030
-0.405576,-1.258977
1.201381,0.074298
1.500039,-0.695198
1.336277,-0.397710
0.677506,0.946688
-1.534186,1.634590
-1.789368,0.923842
1.247462,1.683733
1.503255,1.597774
0.193376,1.920150
-1.682849,-1.320340
0.845416,-1.497915
1.524399,-1.992399
-1.705494,1.152205
-1.152975,-1.389304
-0.792193,0.739371
0.544360,-1.808656
0.943420,1.955117
-1.839098,-0.260101
1.343968,1.558876
-0.073817,-0.816289
0.793581,-0.794999
1.756986,0.165684
1.145390,1.628238
1.479495,-1.802204
1.525087,1.572980
-1.531764,1.562744
1.593550,-1.872483
1.736783,1.689988
-1.867227,1.179954
-0.939042,0.145643
-0.616249,0.717433
1.566394,-0.743101
0.783025,0.436240
1.126002,-0.357015
-1.370516,-1.616955
-0.574217,-1.025653
0.472502,-1.145267
-1.758844,1.285420
-1.237189,-1.317300
-1.785461,-0.695947
0.284617,0.263609
-0.451426,-0.063428
1.366635,-0.042599
-0.696701,0.670717
1.880039,-0.018075
-0.824229,-1.439275
0.824957,-1.619649
-0.592362,0.376375
-0.579494,-1.673254
-0.082900,-0.073415
-1.770040,0.266157
1.292023,0.167291
-0.445318,1.926216
-1.212988,0.803554
0.699006,-1.367592
1.179726,-0.755742
-0.391129,-1.308096
-1.747827,-1.890348
0.151394,-1.791520
-1.457304,-1.325914
1.391438,1.143123
-0.390171,-0.228515
-1.668577,-0.834469
-0.661351,-0.121414
-1.470646,1.353021
0.610899,0.642836
0.110482,0.572922
-0.830695,-1.121290
-1.300801,-1.656953
-0.047529,1.694470
1.912320,-0.852602
-0.222282,1.733269
1.758233,-1.629036
-1.597409,-1.487627
0.300304,-0.292831
0.788137,0.232125
-1.162025,1.034447
1.955887,1.161795
1.297666,-1.519043
-0.521327,0.977744
-1.528354,-0.165667
0.979502,1.361210
-0.652247,1.686639
-1.244655,-1.517932
-1.974585,0.659967
0.141296,0.642779
-1.686035,-0.877585
1.061566,-1.970362
-0.596429,-1.234730
1.655193,1.917199
-1.816917,0.219697
1.385943,-0.854259
-1.039317,-1.395785
1.339046,-0.167557
0.422327,-0.942054
1.854996,-1.111118
-1.635282,-1.115755
1.508308,-1.326962
-0.487132,0.731325
0.378204,-0.939631
0.598603,1.836768
-0.407815,0.252871
-0.309617,0.081865
0.318099,-1.263793
0.722606,0.295693
0.118689,-1.042519
-0.221901,-0.652655
-1.463882,0.845278
-0.245932,0.733690
1.099908,-1.002780
-0.252124,-1.959509
0.618935,0.906134
-1.313241,1.536715
-1.869121,-1.319814
1.350074,-1.267306
-1.945901,-1.072796
1.600789,-1.429437
-1.115665,0.051447
0.760014,0.616016
-1.362601,1.552305
-0.588719,-0.081166
1.622208,-0.295367
-0.093946,-1.205170
1.477294,1.596700
1.924698,0.174606
1.003800,-0.856367
-0.183235,0.898544
-0.010531,0.966286
-0.805020,-0.437041
-0.956240,-0.120066
0.809308,1.022133
-1.647149,0.252675
1.575685,-1.862010
-1.827964,1.427493
0.881255,-1.193132
1.238562,-0.535206
0.801729,-0.144663
0.377589,1.118036
-1.730813,0.562067
-0.082876,1.429318
-1.693216,-1.296114
-1.049615,1.380064
-0.058756,0.744764
-0.356078,-0.100325
-1.484111,0.112293
-0.512337,-1.587193
1.451254,-0.070018
-1.703750,0.259956
0.472482,1.816164
1.634339,1.958872
-1.360674,-1.405670
0.970391,-0.955110
-1.635639,-1.091002
-1.189958,0.236760
1.920227,0.351728
-1.992330,0.590673
0.252508,-1.252067
1.931375,-1.804127
0.795072,-1.873559
1.423552,-0.749788
-1.646818,0.677398
-1.095138,-0.805245
0.204596,1.056647
0.413048,1.887939
-1.450752,0.068325
0.899252,1.879360
-1.749289,0.025499
1.054089,-1.302620
0.957543,-0.314293
-1.646274,0.036871
-0.753777,1.227206
0.563671,1.263852
0.850782,0.346061
0.757548,1.665630
0.746212,-0.143485
-1.629640,0.225993
-1.155321,0.251609
-1.593909,-0.990173
-1.583931,-0.347765
0.972744,1.245096
-1.467401,-0.202632
-0.524645,-0.255327
-1.565237,0.322057
-0.216521,-0.111455
0.274257,-0.111580
0.032278,0.932779
1.013335,1.297776
-1.379885,-0.787778
0.664099,0.939827
0.849680,0.933367
-1.439395,1.939759
1.259828,-1.978344
-1.814324,0.913049
1.003676,1.194099
-1.905124,1.877614
0.318752,-0.390624
-1.233758,0.087583
-0.502822,-0.339300
-0.886977,-1.307054
-0.453308,-1.441230
0.021098,1.731565
1.667709,-0.044238
1.479615,0.949935
-0.176116,-0.053748
-1.490969,-0.907799
-1.838562,1.617388
1.318016,-0.857574
-1.057215,-0.566702
-0.777976,-0.562425
0.591056,-1.903622
-1.786056,0.961955
0.119976,1.158655
1.416929,-0.027836
-1.635885,0.741842
1.007695,-1.188282
1.181724,1.105540
-0.549133,-1.614542
-0.415424,-0.302499
1.043725,1.886096
-1.447242,-1.063236
1.641890,1.857701
1.075737,-0.419079
1.591889,0.245812
0.957984,0.366506
-1.697829,0.909730
0.172297,1.055830
-0.108550,0.514033
-0.741725,-1.954066
1.142314,-0.118820
0.126077,-1.227928
-0.078272,-1.129889
-1.673319,1.502179
1.955989,0.228503
-1.300275,0.161151
-0.641514,-0.026018
1.053432,1.328662
0.547007,1.141827
1.889479,0.318523
0.156091,-0.483598
-1.974546,-0.482304
-0.736636,1.668062
1.368640,0.191407
-1.763020,-1.513267
1.967706,-0.136842
-0.038877,-0.458040
-1.257459,0.345976
-0.806191,-1.888415
-0.926018,-0.702615
0.515901,-1.447860
1.911387,0.717131
-1.700904,-1.347721
0.288703,-0.461127
-0.638994,1.005272
-0.724944,1.012878
1.692372,1.417419
-1.820894,-0.811339
-1.986879,-0.711644
-0.247439,1.852606
-1.392380,1.536403
0.739900,-1.032758
1.401992,-0.779051
1.615071,-0.928243
0.532593,-1.259218
1.886220,0.420319
-0.122502,-1.769323
-0.275199,0.415546
-0.363220,1.380264
1.582358,1.051892
1.802400,1.485637
1.880399,1.121301
1.183277,1.078832
1.445513,1.873927
0.753035,0.675526
0.083244,0.135824
1.980220,-1.239132
0.408354,0.571559
-0.656738,-1.686644
0.066844,-0.277130
1.145351,-0.902997
-0.620178,-0.104337
-1.566334,-0.264653
-1.924994,0.961813
-1.270415,0.361343
1.548787,-0.343930
0.311776,-0.873499
-0.997157,-0.844052
-0.113785,-0.464980
0.124216,-0.059827
-0.522095,-0.297907
0.040834,-1.574805
-1.893000,-1.957866
0.722840,-1.064174
-1.708026,-0.595953
-1.283865,-0.470399
-0.212764,1.972030
1.231088,1.752780
-1.149127,-1.260893
-1.669124,-0.283246
-0.997051,0.512590
-0.807257,-0.706604
-1.056239,-1.979076
-0.954544,0.126423
1.995302,0.231495
-1.126626,-0.603300
-0.030870,-0.801640
0.580255,-0.528449
-1.917386,1.461972
0.623612,0.417047
-1.813785,-0.959647
-0.035844,-1.893338
0.068230,0.944787
0.107623,-1.407233
1.582705,-1.574109
-1.512103,-1.862884
-1.546346,-1.605399
1.463134,-1.374714
-1.612097,1.793649
-1.762023,-0.081852
-1.691443,-0.205703
-1.047035,1.435578
0.087226,-1.533411
1.548802,0.077791
1.911729,0.500775
0.323484,0.573802
0.140932,-1.425357
-0.908901,0.817495
0.065829,1.597522
0.176605,-0.543086
-0.507798,-0.514789
-1.419374,0.127163
0.871647,-0.441882
-0.056857,-1.653480
0.331549,0.563433
-1.122104,1.684579
1.428944,-0.452194
0.126229,-0.900178
1.754295,0.858667
0.735200,-0.986355
-0.372905,-1.027743
1.204316,-0.054077
-0.106747,-0.448308
-0.272366,0.680701
1.002431,-0.529616
-1.610198,-0.180273
-1.108246,1.640184
-1.630761,-1.173347
0.935213,0.506127
0.757454,-1.790810
0.213731,1.544130
0.120686,-0.863996
-1.761300,0.758973
1.868449,-0.882383
0.603167,0.323949
1.041208,-1.662490
-1.530964,1.888772
-1.567122,-0.438770
1.039289,-1.766923
0.742592,-0.771308
-1.542672,0.603452
-1.606361,-0.290596
-1.604706,-1.575727
-0.622047,1.415246
-0.204117,-0.787749
-1.824268,-1.351797
0.254993,1.560377
-0.878409,0.412364
1.597338,-1.921907
0.680631,-1.379694
0.855912,1.201124
-0.009688,0.857709
1.598232,1.694181
-0.900498,0.650725
0.490346,-1.031996
1.860972,1.033343
1.294168,1.507476
1.561098,-0.861691
-1.936584,1.789176
-1.613389,-0.431985
-1.769593,-1.121488
1.790021,0.829560
0.484069,0.370843
-1.895127,0.032233
-1.575366,0.138483
-1.545948,1.141534
1.580348,-0.104828
0.311486,0.020244
-0.225422,1.543430
-0.418649,-0.516689
1.912392,-1.762826
-1.400145,1.918122
0.195655,-0.603253
-0.709350,-1.794309
-0.591976,-1.006468
1.500105,-1.748521
-0.101934,1.357670
1.542092,0.872325
-1.681783,1.309273
1.709781,-0.785241
1.540844,-0.230415
1.980104,1.974648
-1.940914,-1.552353
-0.140559,-0.935253
0.395871,-1.449853
-0.269397,1.660795
-0.751424,-1.686537
-0.616744,-0.819153
-0.591784,0.509732
1.365854,-1.585421
-0.090971,1.089262
0.943775,-0.395781
1.702524,1.407585
0.275259,-1.075101
-0.910021,0.370684
0.736017,-1.323925
1.847363,0.770208
1.848292,1.645120
-1.408380,0.375710
1.656196,-0.154921
0.250998,0.165773
-1.613745,0.643622
1.760529,-0.399595
-1.029631,-0.544077
0.010293,-1.664723
0.817701,1.924472
-0.218432,-1.810428
0.756355,1.700856
-0.281629,-1.312824
-0.116410,-0.294122
-1.250935,-1.512709
1.184865,-1.193634
1.641927,-0.319186
-1.876312,1.934454
0.635898,-1.477471
-1.637727,0.265675
1.303221,0.095943
0.606709,0.707474
0.360113,1.826623
-1.394896,-1.850419
0.728860,0.554377
0.380233,0.641124
-0.181864,-0.430169
0.575476,-1.947159
1.603435,1.145805
-1.470111,0.049472
1.803994,0.355913
-0.734408,-0.061531
1.073452,-0.514048
-1.656437,1.571726
0.781727,-0.971147
-1.990761,0.839440
0.780144,0.401981
-0.081265,-1.039437
-1.660778,0.391575
-1.431753,1.686357
-0.960301,1.499709
1.278363,1.224434
1.215976,-1.480295
0.734161,0.754196
1.878877,1.200041
-1.197731,0.925167
-1.595933,-1.204189
-0.189811,0.223571
-0.047516,1.670093
-1.478617,-1.611389
-1.365656,-1.097260
1.348760,1.427669
1.807807,1.677608
-1.223169,-1.518889
-0.058816,-0.724866
-0.912972,0.109695
-1.002101,1.927276
1.735311,1.275100
1.386009,-1.267845
0.910209,-1.764959
0.920035,0.833992
0.077556,-1.669045
0.298186,-1.766927
-0.687061,0.434255
-1.655766,-0.457641
1.994758,1.413392
-0.727623,-0.968376
-0.303243,0.777182
0.787375,1.433105
1.325471,1.064230
-0.446766,0.040739
-1.169704,0.884297
-1.043994,1.886743
-1.764527,0.140425
1.825505,-1.117961
0.593770,1.640423
-0.038095,-0.498450
0.758210,-0.610794
-1.757033,0.524878
1.584737,-0.180165
-0.417955,-0.762219
-1.897584,0.059191
-1.469602,1.848083
-0.325274,-1.975475
0.673745,-1.938594
-1.544888,-0.502923
-1.364520,-0.420978
0.490951,1.052473
-1.961856,-0.530785
-0.773021,-1.040683
1.222661,-1.085695
0.661886,-0.093353
-1.115910,-0.548900
-0.552102,0.903880
1.268525,0.954140
-0.214464,0.943601
-1.449873,1.294942
0.823665,0.241310
1.942167,1.227863
1.773670,0.891780
-0.723596,-1.997268
-1.958659,-0.289137
0.837725,1.356015
0.230722,0.201488
0.949426,-1.796632
0.596667,-1.253760
-0.952834,1.428906
-0.627819,0.662009
1.000993,-1.164575
-1.470727,1.567514
-0.953726,1.842221
-0.628292,-1.763702
0.295307,1.202014
0.662270,-1.061737
1.766651,1.565889
-0.810424,1.853238
0.663757,-1.033386
1.154915,0.587965
-1.908577,0.047216
0.035817,1.003545
0.410840,-1.136920
-1.101413,-1.506468
1.966783,-1.583229
1.111338,-1.866498
1.543952,1.711715
-0.994040,-0.063924
0.438974,1.844597
0.268593,0.804829
-0.761518,-0.204568
-0.794888,1.390795
1.104786,-0.656795
1.902785,-0.893166
-0.286896,0.312303
-0.071076,-0.367903
1.800007,1.556000
-0.694611,-0.605244
-0.779196,-0.558136
-0.034372,-0.548778
-0.484086,1.468356
0.257426,0.295768
-0.017040,-0.221189
-0.130813,-1.780512
0.149258,0.611549
-0.648130,-1.160121
1.467412,1.887583
-1.065585,0.812818
1.700944,-0.135059
0.497038,1.738977
-1.190618,0.930783
-1.332266,0.139173
1.586757,1.532019
-1.731757,0.764140
-0.344540,-1.958405
1.182281,0.923144
0.528046,0.443488
1.538597,1.553252
-1.203432,1.440952
-1.352067,-1.134723
-0.781255,-0.886879
0.094915,0.770834
-0.196591,-0.007882
-0.979225,-0.832046
-1.391055,0.216621
0.737421,0.026060
-0.343278,1.213757
0.680794,1.936174
1.395313,1.622462
1.096587,-0.171648
0.630759,-0.584780
1.344987,-0.902153
1.929920,1.458384
0.294083,0.301189
0.759469,-0.470478
0.199907,-1.157453
1.965831,-0.455198
1.012661,1.121060
1.545432,1.507659
0.972677,1.244980
-1.511549,-1.146696
-0.550107,-1.629361
0.127804,0.937193
-0.777147,-0.814952
1.073870,1.806195
0.859133,-1.827429
-1.239698,-1.104666
-1.315039,1.612477
0.581200,-0.087053
-0.933114,0.765770
1.278227,-0.243533
-1.800887,-0.536906
-0.213834,-0.652440
-1.694028,-1.178711
-1.993977,-1.787129
0.166587,-1.054761
-1.116535,0.603218
-1.231533,-0.075041
0.036940,-0.870801
1.820538,1.178316
0.910043,1.278007
1.729232,0.742627
0.153845,1.432655
-0.723179,-1.272496
0.929356,0.148592
0.980976,1.578489
-0.233442,1.715227
-1.825827,1.506232
-0.924245,-0.506965
0.883962,0.543553
1.164476,0.418044
-1.569815,-1.625302
1.420632,1.234773
1.339614,-1.490819
0.683747,-0.765844
-0.836291,-0.517214
-1.080690,1.467383
-1.862796,-1.121849
-0.487675,0.460680
-1.295207,-0.830155
0.335413,0.194078
-0.620741,-0.405609
0.512470,0.987244
-1.649949,-1.656463
0.372588,-0.198092
1.715109,1.422806
-0.026468,0.610543
-1.000294,1.013076
-1.549041,-1.897009
1.596839,-1.013641
-1.024790,-0.872724
-1.361564,-0.782556
-1.974098,0.893395
1.829449,0.781227
-0.213823,-0.705069
-0.493324,0.881635
-1.987850,1.923971
1.221996,-1.481411
-1.049447,0.654263
-1.055777,1.689443
0.648606,1.680637
-1.768516,0.338015
-0.933122,0.923634
-1.679171,-0.087891
-1.755493,-1.241404
-0.258137,-0.189090
-0.105130,0.775881
-1.523128,1.681268
-1.389086,-1.325502
-1.929646,-1.380300
1.374674,-1.232578
1.564232,0.091569
0.602288,-0.178403
-1.231168,-0.039838
1.713616,-0.741144
-0.033190,-0.466725
-1.480228,1.278936
-1.716166,-1.270735
-0.174379,-0.749577
1.310951,0.554750
-1.566441,-0.229801
-0.407750,-0.978004
1.048817,0.585945
1.397742,1.976434
1.238387,1.629209
1.496465,0.768977
0.554951,-1.210842
0.257056,-1.694564
-0.489881,1.405481
0.090973,1.587175
0.298811,-0.002230
-0.027410,1.738019
0.977945,1.687567
-1.081308,-1.267976
-0.027119,0.316791
1.849167,-0.313255
0.985687,-0.622820
0.978773,-0.492080
-0.020903,-1.285427
0.509607,0.702026
0.706004,-0.979171
-1.594183,0.000866
-1.459696,0.525671
-0.154537,1.992156
0.185986,-0.754499
-0.016460,1.111283
0.644337,-1.325107
-0.388716,-0.279183
0.084193,1.413199
-0.977867,-1.785522
-0.923444,0.519439
0.408666,-1.888255
0.574104,1.958075
1.899243,-1.077648
-1.103913,1.871327
-0.852504,-0.776910
-0.096959,1.116553
1.538757,1.732665
-0.721699,1.862756
1.196319,-0.078695
-0.351052,0.362136
-1.128455,1.885068
0.373730,-0.317173
0.220913,0.559823
0.899118,-0.015714
-0.351767,1.108482
-0.448726,0.827299
-0.105271,1.120794
-0.201412,1.666465
1.158964,-1.812140
0.442321,1.373461
-1.788069,1.449527
-1.705930,0.848512
1.680039,0.754413
1.810179,-0.168198
1.614231,0.287814
-0.381090,-0.330597
-1.673649,-0.050073
1.925707,0.024230
1.107489,0.801811
1.761704,0.159078
1.623724,1.229382
1.961461,-1.463202
0.899938,0.906710
1.296244,0.953530
-1.248579,-1.923086
-1.938803,-1.537668
-0.522181,1.489031
-0.817067,-0.018535
1.685388,-1.843102
-0.276066,1.656274
-1.811091,1.939217
0.715431,-0.010746
1.832962,-0.572956
1.248455,-0.873717
-0.447287,1.174542
-1.135864,-0.175905
0.793768,0.584651
1.638412,0.163608
0.736634,-1.006421
-1.632723,-0.936354
0.756224,-0.084763
1.504924,-1.869560
-0.760883,-0.032046
0.247389,-1.690941
-1.190796,0.487695
1.944451,1.073078
-1.282030,1.200487
0.266366,0.032382
0.471882,1.198630
-1.801816,0.943839
0.989808,-1.662362
0.905985,-0.711432
-0.952780,0.975956
0.835185,0.245745
-1.244887,1.391256
0.326891,-0.043434
0.054810,0.007044
1.977012,0.950736
-0.446390,-1.756331
-0.829222,0.517744
0.483465,0.467225
1.814965,-1.425237
-0.087121,1.971224
0.355419,1.607590
1.202748,-1.118658
0.242736,-1.411036
1.186064,-0.264624
0.447061,1.297534
-1.966816,0.503989
0.854051,0.325030
-0.395517,0.864464
-1.619610,-1.523065
-0.312214,-0.063593
0.365543,1.642013
0.250582,1.161684
0.533021,-1.525351
0.971368,-1.098528
1.135066,1.210676
-0.755814,1.949610
-0.176344,0.189056
0.460360,0.148445
-0.468059,-1.533181
-0.330929,0.544493
0.414229,-0.296523
-1.745891,-1.609964
-0.207782,-1.133869
-1.758462,1.385764
-1.595546,-0.040938
0.201295,-1.546337
-0.015607,1.346411
1.762603,-0.559527
-0.540843,0.812868
-0.407331,-1.267289
-1.468588,1.577371
0.430613,0.017260
-1.974086,-1.161988
1.797185,-1.487999
-1.142643,-1.360048
0.032097,1.639810
1.053345,-1.646438
0.994090,-1.667003
1.762440,-1.635401
1.641446,-0.478643
-1.396456,-0.177946
1.853159,1.210487
-1.799474,1.837221
-1.258914,-1.803366
1.859606,-1.195153
1.491112,0.474286
1.248249,-1.379215
1.225024,0.998767
-0.770965,0.342548
-0.670155,-1.268975
0.485003,0.885338
0.152466,-1.569859
-1.546507,-1.633253
0.314509,-1.574775
-1.343924,-1.612522
0.312481,0.178379
0.596294,0.077638
1.073066,-1.838081
-0.713594,-1.882618
1.313702,0.552709
0.432255,1.631692
1.187785,1.580147
0.155769,0.864857
-0.201281,0.189443
-1.375255,-1.693569
-1.229477,0.066252
1.305574,-0.349389
1.755275,0.346654
-1.393447,-0.407817
1.122554,0.455242
-0.272882,0.782271
-0.134515,1.822005
0.072699,1.040134
0.094423,-0.991665
1.797511,1.111252
0.740194,0.699682
-0.067593,1.273456
-0.562319,-1.395438
-0.514718,1.673459
-1.326045,-0.775571
-1.984036,0.785039
0.847679,1.656856
-1.792388,1.858177
-1.846833,1.695540
-1.198847,0.657564
-0.908378,-0.769911
1.486605,1.782233
-0.962852,-1.049592
-0.251153,-1.104724
-0.800991,0.605035
-0.264116,0.394405
-0.878455,1.215831
-1.447425,1.362620
1.180165,-1.687906
-0.488896,0.144713
-1.196998,1.042052
1.321262,-0.066348
-0.056111,1.349122
-0.959979,1.248066
-0.608623,0.516535
-1.014087,-0.366784
0.986019,-0.645242
-1.392170,1.228141
-0.285336,1.295274
-1.068112,-0.848268
-1.461050,-1.178191
1.721570,-1.851585
0.715924,0.873338
0.590043,1.460178
-1.352488,-1.797369
0.110026,0.228926
1.040526,-1.126026
1.128103,0.000596
1.802074,1.361791
0.991264,-0.307447
1.425654,1.018506
-0.427095,1.954956
1.715840,0.710810
-0.246370,1.618883
0.657754,-0.104725
0.593833,-1.633614
1.023987,-1.110476
0.354757,1.769759
-0.686771,1.593723
-1.083958,0.330932
-1.030926,-1.779066
1.840120,-1.346415
-0.095528,0.374387
-0.388514,1.864847
-1.825200,-0.772542
-0.326505,-0.342200
0.359131,1.093040
-1.011877,1.865893
-0.778679,-1.318987
-1.551974,-0.804608
-0.237541,-0.130411
-1.561223,-0.098382
-0.714525,-1.174517
-1.087656,1.804163
0.018533,0.642850
0.096336,0.911776
1.882129,1.724864
0.891632,1.231039
1.169111,1.180175
-1.779518,-0.815038
1.314796,-1.495893
0.660858,-1.270080
-1.837358,-0.663382
0.111742,-1.745434
0.059415,0.971498
-1.674597,1.754645
1.859574,0.398243
-0.965991,1.840004
0.251934,0.083955
0.483614,0.119921
0.693133,-1.414026
-1.651048,1.783952
-1.566152,-0.908871
0.973610,-0.883334
0.482316,-1.626326
0.621158,1.093334
1.228246,0.805552
0.692070,-1.134920
-1.298578,-0.058319
1.586861,-0.616025
-0.661240,1.687613
0.301356,-0.617367
0.189026,-1.904266
1.661467,-1.450943
-1.605542,-1.866986
1.610632,-1.524146
0.200365,0.952943
0.860716,1.077427
1.832301,1.642096
-1.089145,-0.422461
0.847586,1.499326
-1.529722,-0.763006
-0.364129,-1.245759
0.208389,-0.234567
0.289562,0.746550
-0.188645,-0.376723
0.422664,-0.875645
-1.579734,0.787386
1.839907,0.644088
1.131891,-0.244185
1.223714,-0.786537
0.459911,1.881837
1.501780,1.993380
-1.679799,-1.147245
0.877806,-1.118135
1.436752,-0.176239
-1.540227,0.965221
1.680114,-1.166650
0.610251,-1.485450
-1.641019,1.524873
1.392035,-0.336115
0.263430,-1.088932
0.593160,0.536955
1.345616,1.405336
0.594361,-0.768812
0.389993,0.358246
-1.856330,-1.909658
0.512836,-1.608061
1.547706,0.331372
0.860632,-0.877052
0.679435,0.334541
-1.621571,1.446845
1.031893,-1.159781
1.920655,-1.723559
-1.118751,0.619421
-1.933371,0.430755
1.492537,-0.362986
0.647378,-1.703601
0.642617,0.961850
1.669983,1.946489
0.761907,1.019899
0.324885,-1.432318
-1.709319,-0.837813
0.723275,-0.787545
-1.195329,0.758839
0.942226,-1.204912
0.634846,-1.417726
0.141675,-0.998288
0.398859,-0.762995
0.191430,1.696498
-1.175118,-1.142163
0.207708,-0.450029
-0.456157,0.203189
-0.818022,-1.479163
-0.867153,1.962995
-0.567420,-0.463953
-1.260725,-1.446803
1.785949,-0.656396
0.509953,1.847907
0.051731,0.249273
-0.839414,-0.163520
1.039383,-0.071413
-0.074880,0.405370
1.113941,-0.738967
1.832398,-1.348856
-1.618921,-0.257261
0.174377,-0.954644
0.421222,0.469901
-0.184221,-1.327503
-0.810057,1.222074
1.835061,1.983132
1.443178,0.102337
-0.820799,-0.319790
1.390268,-1.550628
-0.855134,0.725819
0.246344,-1.538781
1.847036,-0.599135
-0.665908,1.824199
0.049673,-1.768577
-0.685264,1.662865
0.149854,-1.194120
-1.181219,-0.273428
0.515616,0.554587
-0.477300,-1.693017
1.354401,1.860822
1.982725,-0.043211
1.637491,-1.215666
0.222144,-1.846935
-0.199856,-0.732245
0.293680,-0.175395
0.838076,-0.545914
1.701979,-0.371791
-1.083543,1.505938
0.952828,0.575063
0.199767,-1.594848
-1.666383,-0.535295
-0.651990,1.732098
-1.092438,-0.870474
1.652604,-0.462812
-1.040354,0.837812
0.664355,-1.755006
-0.129055,-1.142381
-0.019088,0.266830
1.577302,-1.425891
-0.982756,-1.358363
1.683450,-0.662836
-1.933263,1.056468
1.189569,0.385205
0.710423,-1.243136
-0.379817,1.828261
-1.457412,-1.904747
0.306944,1.109260
-1.858475,-1.007411
-1.984567,0.347429
-1.047982,-0.176338
0.206179,-1.650104
1.624870,0.337877
-0.033356,-1.643665
-0.344255,-1.240208
-1.950767,-1.422729
-0.276648,-1.618305
0.336482,-0.655164
-1.342363,-0.287983
1.208834,0.615199
1.653690,1.423872
-1.061599,1.622545
0.761281,0.959338
0.395494,-1.700560
0.433978,-1.860601
-1.113721,-0.590449
-0.200639,-0.458112
1.455468,-0.448671
-1.951746,-1.989090
-0.720507,0.022465
0.567859,1.682461
0.667585,-1.584437
0.697340,0.774214
-1.827036,0.864030
-0.948525,0.741997
0.678423,-1.463406
1.607091,1.153398
1.837904,-1.714918
0.469781,-1.007348
1.935972,1.272256
1.397991,-0.327224
1.918325,-0.721397
-0.677343,-1.449950
-1.570545,0.620900
0.688208,1.421243
0.445031,-1.816205
-1.146375,0.278684
-0.328099,-1.023196
0.265378,-0.094928
1.321232,1.509971
0.608939,0.042017
-0.361534,0.062564
1.910829,0.523553
-0.920125,1.487259
-1.605290,0.290983
-0.849616,-1.246503
-1.510689,-1.050111
1.743968,-0.795329
-1.436942,-0.165721
0.586336,1.222275
1.903698,1.130327
1.258953,0.612407
1.498211,1.932606
-1.938605,0.858518
0.989275,-1.943382
-1.204389,-0.259927
-1.225310,1.762060
0.601460,0.252163
-1.851891,-1.879401
1.027858,-1.323227
0.490061,1.762870
1.008191,0.067245
-1.631819,-0.328823
1.630670,-0.526637
-1.704786,1.076027
1.467199,-0.951860
-0.417418,0.930502
-1.972614,-1.822954
-0.615444,-1.622044
-1.950935,-0.980745
-0.695549,-1.248980
-1.525089,1.299347
0.438785,-0.408238
-1.851643,-0.084877
1.557540,-1.757167
1.241306,0.220405
-0.576205,0.130879
-0.452917,-0.133526
-0.650238,0.751912
-1.691414,-0.244376
0.723624,-1.351115
0.384135,-0.797684
1.327620,1.825814
0.579042,-0.020169
-0.526121,-0.081939
-0.293546,1.593698
-1.821511,1.462460
-1.344796,-1.866088
1.358524,0.562986
0.327647,0.674485
1.921132,0.767931
-0.220076,0.709090
-0.851035,-0.133572
-1.330836,-0.056827
0.653822,0.566180
1.916505,-0.866131
1.304699,-0.640771
-1.886895,-1.529889
0.305910,1.542959
1.621075,-1.887492
1.592034,-1.421611
1.296309,-1.048916
-1.990270,0.700280
-0.963568,-0.594172
-0.972876,-1.163563
0.376183,1.033386
0.653184,0.149532
0.443601,0.994072
0.545366,1.007307
-0.859737,-0.431394
0.372307,-0.269745
-1.156373,-1.253741
1.967641,-0.700221
1.715763,-0.730699
-0.438728,-1.122017
-1.043602,0.784615
1.069450,-1.081862
0.001340,1.568637
1.133733,0.844845
-0.411652,-1.390299
-1.100921,-1.506272
-0.758585,-1.765479
1.713766,-1.061511
1.508670,1.640102
-0.608821,1.111748
-1.768961,1.806533
1.721900,-0.228056
-0.669352,-0.141850
1.030729,0.239833
1.075378,1.816364
1.987501,0.114008
-0.083831,-1.806865
1.255837,-1.967951
-0.031807,0.783942
0.453923,1.797584
-0.672775,0.158650
1.405490,-1.088975
0.345647,1.942973
1.868964,0.653943
-0.142859,-0.401147
0.197522,-0.092424
0.149474,-1.765621
-0.202940,-1.787758
0.779557,1.036920
-1.866997,0.030634
-1.807056,-0.215242
-1.441128,-0.325033
-0.802933,-1.879611
1.704271,-1.921684
1.796715,0.982332
0.861147,1.186373
1.620691,-0.825533
1.716097,1.845048
1.993874,-1.974700
-1.281526,1.259015
-0.268454,0.022906
0.712212,0.499658
-1.874719,0.499534
0.687511,-1.234734
1.807473,-0.026433
-1.475199,-1.440985
-0.249514,0.474216
1.812706,1.110021
-1.871058,-0.135887
0.592718,-0.526824
1.815508,1.267575
-0.744694,0.547074
-1.775984,1.583928
1.728166,-0.083064
-0.212322,-0.060033
-1.190423,-0.074343
-0.316099,-1.742178
0.172539,1.303555
0.717711,0.130171
-0.527441,0.542165
1.165807,-1.638335
-1.915969,0.837146
-0.090469,1.252243
0.977248,1.433003
1.234351,1.720846
1.724486,-1.302591
-1.304283,1.156329
1.130693,-0.418221
0.837084,-0.009540
0.285845,1.734133
1.368614,-0.503636
-0.945038,-1.797174
0.623294,1.167054
1.660257,0.177984
1.629166,-1.987880
1.253068,-1.675629
1.731965,0.111454
-1.551510,1.870895
-0.226376,-0.228845
-0.463463,1.770932
0.777423,-1.139045
-0.777473,1.464697
1.165920,0.329012
-1.164946,-1.726045
0.557232,0.157513
1.157016,-0.554842
0.775446,1.981883
0.570308,0.131892
-1.797495,-1.938419
-0.814580,-1.466639
-1.982043,-0.064424
-1.969632,1.151240
0.866740,0.044007
0.677997,0.004032
0.404731,0.206220
-0.577591,-1.794675
1.835441,1.050789
-1.194027,-0.193531
1.801956,0.961935
-1.239117,1.320396
-1.810907,-0.692806
-1.181869,-1.923176
-0.339464,-1.101325
-1.054037,0.282838
-1.879994,-0.376613
-0.600816,-1.501601
-0.985498,0.607537
1.889779,-1.353164
0.516479,-1.922361
-0.116475,-1.509868
-0.255697,1.502622
-1.577827,0.619723
1.262472,-0.705330
-0.689311,-1.567456
0.076422,-1.342278
1.875850,1.019567
1.958473,-1.195102
1.620925,-1.441888
1.571623,-1.206072
-1.134499,0.114509
-0.750349,-1.670942
-1.890944,-1.468580
1.856176,-0.481868
1.594920,1.690282
1.525060,-1.214128
0.283977,-0.901213
0.250683,0.361170
0.788980,0.296537
1.750287,1.086592
1.889104,-0.468425
-0.936455,0.483234
-1.852259,-0.564376
1.763290,-1.832124
-1.561609,1.889652
-0.533840,-1.090337
-0.117618,1.491872
-1.153729,1.996968
1.043592,0.167729
-0.233015,0.041127
-0.652657,0.213805
0.706637,0.073503
-1.825338,-1.382620
1.525533,-0.565137
1.440306,-1.064010
1.027800,-0.421305
1.097984,1.979979
0.406053,0.116411
-1.432314,-1.662945
0.680483,0.702838
0.410767,0.472409
1.586339,1.620263
-1.935643,1.622904
-1.588656,1.198740
-1.413091,0.899068
-0.580848,-1.858890
1.114548,0.092272
-1.683936,1.584450
-0.685011,1.164376
-1.337163,-0.049397
-0.471563,-1.300337
-1.923870,-1.409220
1.856274,0.732732
1.361608,-1.404400
-1.376069,0.088608
-0.966229,-0.555094
1.935789,0.163864
0.783830,-0.131888
1.113727,0.107437
0.138854,-0.607209
-0.523136,1.485897
-1.475353,1.052048
1.577798,-0.732286
-0.360183,1.322300
-0.733687,0.284776
0.515011,1.712533
-0.434745,-1.189229
-0.927620,-0.997710
-0.971439,0.974100
-0.042691,0.657177
0.226803,0.354836
-0.086926,1.437398
0.570864,1.184697
-0.655748,-0.950068
-1.530023,-1.780027
-1.802628,1.755038
-1.265827,0.307879
1.815648,1.284075
-0.600358,0.432024
1.516218,1.831634
0.234333,0.853064
-1.468428,0.185678
-0.317914,1.173059
1.611143,-1.314593
0.163139,1.411038
-0.508295,1.139400
-0.766004,-1.846714
1.622331,0.759131
-1.961741,1.553623
-0.677733,1.048563
-1.200243,-1.021839
-1.559661,0.798963
0.363164,-1.337309
0.383823,-0.692410
0.159469,1.770688
0.679653,-0.844610
1.993840,1.863656
0.286764,0.100743
-0.996209,-0.600164
-1.411327,-0.244934
-1.312873,-0.103276
-0.165310,-0.577322
0.873711,0.475042
-1.881587,-1.926907
-1.952145,1.282764
1.359192,1.347159
1.177609,-0.021680
0.472475,1.994456
-0.361661,-0.772077
1.059300,-0.744109
0.953859,-1.549883
1.909449,-1.349260
-0.502911,-0.756431
0.273473,1.763103
-0.485279,0.574376
0.970616,1.528908
-1.365514,0.376324
-1.813394,-1.631437
-0.488359,1.370024
-0.910264,-1.162450
1.175435,-0.879419
-1.084097,-1.595079
-0.840701,1.409082
-0.663834,0.712043
1.064304,1.205551
1.221087,-0.020204
-1.693067,1.710811
0.049994,-0.386893
1.790483,0.876684
-1.998314,-0.008762
0.192609,-1.007380
-0.499875,1.207346
0.756248,0.951829
0.168805,1.712025
0.356220,1.074131
-1.090859,-0.312179
0.557920,-1.815878
1.814792,1.715698
0.848014,1.083913
-1.582381,0.936270
-1.629893,-0.026870
0.141692,0.779869
-0.315661,-0.391702
1.054628,-0.474821
-0.112300,-1.916291
1.900729,-1.647993
-1.415112,-1.931245
1.239115,-1.098861
-0.364301,-1.332553
-0.671148,0.353709
0.844996,-0.564998
0.281536,0.864150
0.690406,0.377001
0.945430,-0.787030
-1.047838,0.762962
-1.491483,0.309228
0.172435,-1.629444
0.679574,1.134054
0.552960,-0.376543
1.291765,0.614916
-0.729163,0.856577
0.985396,-0.897611
-0.599623,0.513984
-0.328640,1.251041
0.204695,1.421745
-0.645495,1.491075
0.603420,1.572853
1.992731,1.928282
-0.866708,0.044219
-1.050432,1.926917
-1.268087,-0.535636
0.294845,-0.817614
1.215578,-0.944058
0.844046,0.730731
1.576849,0.543536
1.437659,0.273782
-0.285422,-1.799241
0.707073,1.989476
1.087711,1.828452
-1.067934,-1.498734
-0.169275,-0.782575
0.501544,1.019531
-0.984203,0.392554
-1.248160,0.378564
-0.538780,0.869622
-0.337988,0.041453
0.630089,-0.105171
0.880478,-0.527939
-1.630519,0.668799
-0.531852,0.109362
0.188353,-0.805139
-0.633857,0.753577
-0.848176,1.993624
0.871870,0.802695
1.770318,0.075995
1.564503,1.505733
-1.082221,-0.235718
1.951438,1.126812
0.596552,-1.757242
-1.294451,-1.859457
-0.691001,0.576495
0.044869,-0.258688
-1.718574,-0.440978
-0.710898,-1.768916
0.840672,0.843462
-0.064030,-0.796898
1.421807,-1.212092
1.531619,-1.572532
-0.677322,0.821675
1.968706,1.314441
-0.693795,-0.158927
1.040188,-0.236797
-1.262493,1.255608
1.025800,-0.503899
0.498435,-1.302359
0.788512,1.277238
-0.106901,-0.453552
-1.686417,0.481438
-0.507323,-1.463076
-0.776091,-1.033630
1.324265,0.420338
-1.378162,-0.930047
-1.454367,1.815122
-1.572479,0.767980
-1.027904,1.314178
1.711268,1.987469
0.639236,0.196913
-0.884910,-0.805358
-0.019391,1.942980
-1.604492,0.025511
1.642706,-0.883571
1.660036,1.630474
0.910774,0.026465
0.914133,1.553137
-0.315536,-0.651925
1.700520,0.849316
-0.901303,1.507259
-1.590305,-0.908819
-1.322892,1.621519
-1.211611,-1.938080
-0.615034,0.545395
-1.941359,-0.430408
-0.992985,-0.556392
1.930224,-1.006707
1.291805,-0.060945
1.633305,1.463807
1.104783,1.315645
0.563204,-0.528208
1.242275,0.148663
-1.028321,-0.936370
-1.815780,0.751247
-0.495529,-1.916888
1.338266,1.347918
0.371986,-0.092043
0.212498,0.947832
1.289664,-1.250647
1.070809,-1.867695
0.440408,1.438413
-0.031044,-0.695429
1.600976,-1.504820
1.825211,1.482678
1.669636,1.854363
0.537278,-0.631362
0.028460,-0.391285
1.405067,-0.458002
-0.208093,1.687828
-0.341998,0.757836
-0.239449,0.808264
-0.807980,0.259041
-1.601757,-0.640680
-0.446293,-1.074372
1.585206,-1.859006
-0.566270,0.709397
-0.627091,1.301023
-1.383480,0.199456
