0.497543,0.682434
-0.704101,1.005684
0.593816,0.675509
0.812119,0.858704
-0.517794,1.455695
-0.588549,-1.835555
-0.732507,0.355680
-0.666019,-1.672472
-1.220295,-1.143209
1.443058,1.915231
-1.393770,-1.941083
-0.494108,0.713089
0.937650,-1.405089
1.341505,-1.203011
-0.209820,-0.159710
0.147741,1.569870
1.064303,1.984131
0.062480,1.451241
1.763210,1.143913
1.195330,1.030956
1.703594,-0.280555
-1.430729,-1.666398
1.204731,0.245798
1.129530,0.145202
0.529912,0.223853
-0.830187,1.230487
1.964917,1.380754
-1.910348,-0.457406
-0.185998,1.086362
-0.689560,-1.590581
-1.824661,1.042361
-0.516851,-0.613929
1.294020,-1.467607
1.252081,1.335944
0.981251,-0.944653
0.206466,-0.111484
-0.908382,-1.766018
1.748343,-1.220854
-1.311597,0.543466
1.288394,0.018606
-0.245413,-1.696299
-0.850104,-1.844442
1.304150,-1.234895
-1.571632,-1.024388
-1.428091,-1.410218
1.789906,-0.334187
0.469421,1.652762
1.078870,-0.711084
1.630210,-0.818486
1.242937,-0.243791
1.751193,-0.887196
-0.679893,-0.303089
-1.877145,-1.785297
-0.680230,1.218718
-1.667545,-1.412334
0.433542,1.857191
-1.156127,-1.527491
1.105858,-1.833531
1.823132,0.325169
1.541144,-0.243312
-1.167743,0.583133
1.407617,-1.790173
-0.492543,0.787643
0.162479,-1.631151
-1.039000,-0.787093
1.242290,-0.008271
-0.735839,0.368107
0.130440,-0.916405
0.396621,-0.478058
-1.359397,-1.165490
-0.419555,1.790284
-0.692469,1.523880
-0.504589,-1.265445
-1.908414,-1.072866
-1.649321,-0.115613
-0.127524,-1.384039
1.132782,-1.236549
-0.196287,-0.251732
-0.410423,1.259581
-1.503415,-0.624576
1.411767,1.414846
-1.388507,-1.157676
1.517208,-1.202869
0.751028,0.980453
0.720059,0.881155
0.890662,0.141285
-1.578448,-0.546639
-0.439226,-1.628441
-0.044822,-1.946914
1.744872,-0.937553
-0.608205,0.578660
-0.465147,1.632866
-1.257980,0.548363
-0.728153,-1.397947
-0.677416,-0.904528
-1.877555,1.185240
-0.097139,-0.130838
-0.644946,1.137060
1.532841,1.854175
0.192398,-1.737080
0.907826,0.963722
1.148665,-1.374953
-1.548733,-0.251782
1.462850,1.531353
-0.165961,-0.656579
1.137380,-0.352429
-0.490298,1.068294
-1.524204,-0.441372
0.868601,1.798770
0.560317,-1.249545
-1.667815,0.236514
-1.242586,0.821927
-0.572315,0.884746
0.958878,1.329668
-1.174281,0.264688
-0.977203,-1.344991
-1.820627,-1.983719
1.555024,0.361299
-0.806054,1.332462
1.098097,0.535643
0.498274,1.501757
0.418954,-0.145232
1.919485,0.489999
1.073913,0.631683
1.566872,1.259242
-1.932653,0.979890
-0.131480,1.642412
-1.018298,0.450970
-0.157685,1.134942
-0.463625,0.898921
0.473147,1.807774
-0.234075,-1.850795
-1.377254,1.093718
0.932090,0.376483
0.565343,-1.676917
-0.494882,1.288443
1.368208,-0.039662
0.726682,-1.496200
-1.119549,-0.728585
-1.683017,-0.400166
-0.274271,-1.920198
-1.312018,1.803217
-0.211425,-1.235912
0.748292,-0.298143
1.793813,-0.326914
1.014561,0.077368
-0.643074,-1.667947
0.637867,-1.130128
0.779793,0.318108
0.756082,0.070918
-1.685843,1.586021
1.118318,-1.174519
-0.204907,-0.623152
-0.897462,-1.433362
-1.814773,-1.077125
-1.636463,-0.157382
-0.386489,-0.349973
0.593582,-1.129823
1.859999,1.091380
-0.851661,-0.400295
-1.749708,0.117630
0.865691,-0.763517
1.355077,-1.259340
1.373907,0.988514
-0.006436,0.953109
-1.101652,-1.423802
0.242598,-1.455212
-1.232023,-0.264031
0.522241,1.183048
-0.563105,-0.018139
-0.245416,0.913263
-1.062200,-1.332909
0.537732,-0.156484
1.248265,1.644310
-0.208229,0.224395
0.762800,1.318234
-0.068244,1.915480
0.663436,1.060974
-1.527142,1.173351
0.044318,-1.021086
0.744672,-1.549536
1.077081,-1.525242
-1.033107,-0.047102
1.393851,-0.452222
-1.927576,-1.165106
-0.271416,1.438861
1.057882,0.729025
-1.343651,-1.970124
-1.735642,-0.361970
-0.009858,1.176361
1.858129,0.659382
-1.670527,-1.104391
1.776654,1.209370
0.516013,-0.550300
1.113481,1.105863
-1.093308,0.179861
-0.210719,-1.007498
1.484006,0.863925
1.939582,-0.682934
-1.474308,-0.192609
-0.260563,-1.276456
0.225694,-1.903371
-0.210006,0.207594
1.033226,-1.881957
1.927287,0.943739
-0.471415,-1.141112
0.443071,0.222166
0.853084,-0.015600
-0.584957,-1.547728
0.202150,-1.114684
1.899814,-1.421120
-0.509224,-1.687132
1.497351,0.421674
0.574035,-1.698449
-0.583572,-1.099694
0.482537,0.015713
0.197685,0.823848
0.284651,-0.493412
-1.053510,-0.771346
0.558738,1.401065
-1.755377,-1.660775
0.732238,-0.898544
-1.706282,-1.175631
0.684474,-1.363446
1.455172,1.529043
-1.390822,0.819465
1.669346,1.261126
0.260253,0.281969
0.375691,1.815362
-0.470719,-1.275085
-1.988346,-0.523742
1.141040,1.010490
1.079589,0.274115
-1.941365,0.313639
-0.850200,0.838859
-1.104449,-0.054230
1.944263,-1.717914
-1.894117,-1.079501
-0.268269,0.959841
0.493384,1.053999
-0.773734,-0.237317
0.846005,1.425013
1.475593,0.543301
-1.655689,1.262366
-1.653676,-1.668601
1.432306,0.989360
1.446198,1.248255
1.021574,0.815789
-1.793464,1.198130
0.399778,-0.385736
1.790022,-0.122157
0.884186,-1.034075
1.387267,-0.771845
-0.622243,-1.507381
-1.467070,-0.899083
-0.542215,1.165162
-1.543808,1.799767
1.177141,-0.128479
0.640079,1.351768
-0.019691,-1.235609
-0.063408,1.316913
-1.293127,1.227745
1.054599,0.588832
-1.660744,-0.591324
-0.504950,-0.802423
-1.366956,-0.844792
0.254963,0.165481
0.698410,0.757739
1.463417,0.960529
-0.357700,-1.225225
0.646201,1.896277
1.391117,1.817378
-0.801355,-1.013174
-0.302613,-1.915175
0.109953,0.863076
-1.542737,-0.961066
-0.876630,-1.959716
-1.092063,-1.213470
-1.422951,-0.502433
0.565479,-0.717099
-0.104229,1.060220
1.133127,-0.139024
1.234959,-0.697376
0.139492,-0.647702
1.919290,1.296840
-1.473195,1.349502
1.383705,-1.185592
1.927257,-0.695137
-0.839553,-0.533405
-0.559738,1.756296
0.587250,0.792614
-0.501668,-1.129831
1.159703,-1.226780
0.466036,-0.951035
-1.275878,-0.082672
0.943997,-1.880886
-1.941194,1.346386
-0.090862,0.483041
1.798941,1.129648
-0.293307,1.395597
0.365142,-0.789696
1.873826,1.707998
1.175342,-0.381177
1.281457,1.881595
-0.584560,0.840272
-1.613364,0.172028
-1.893267,-1.577166
-1.831087,-1.518887
-0.701896,-0.682878
0.514685,-1.989428
-1.037418,1.291179
-0.695979,-1.699196
0.754919,1.633460
1.675301,1.468364
-1.350851,-0.120595
0.729844,0.946543
-0.707206,-0.732639
1.454687,-1.761417
-0.558620,0.803407
1.503948,0.838154
-1.672556,-1.140889
1.613512,1.236878
-0.049799,1.028726
-1.454622,0.957220
1.910705,-1.564896
-1.547191,0.026764
0.931651,0.984423
0.411236,1.444842
1.417975,-0.684688
-1.840711,-0.550492
-0.327145,-0.946699
1.498256,-0.937007
1.522699,-0.848158
1.252839,1.242745
0.598060,-0.141579
-1.458670,-0.348765
1.340663,-1.774160
0.596324,-0.126980
-1.003930,-1.149633
1.527961,0.272912
0.092369,0.018215
-0.582311,1.707163
-0.139972,1.438386
-0.003924,-1.454803
-1.489994,0.970764
1.673303,-0.936689
0.620371,-1.958552
1.968671,1.225559
-1.415750,-0.087190
0.879254,-0.644338
-0.328041,1.979911
1.819308,0.644264
-0.868148,-0.796397
-0.548457,-1.222715
-1.186012,1.254581
-0.670313,1.685643
-0.581159,-0.818387
1.367348,-0.514154
-0.685105,-0.835208
0.497050,-0.241903
1.746178,-1.567641
-1.753600,1.109782
1.449565,0.500015
-1.716604,-1.171389
-0.380620,-0.559582
-0.294502,0.802778
-0.540188,-1.422571
-0.541217,1.527208
-1.545483,0.347317
-0.320148,0.326322
-0.974832,1.219927
-0.678271,-1.058239
0.117911,-0.146389
-0.005295,1.951444
0.575094,0.931739
1.455321,0.286569
-0.447102,-0.196069
-0.109951,1.367568
-0.411950,-1.508926
1.978202,1.147619
-1.514591,1.541298
1.323554,1.978704
-1.368553,-1.322825
-0.364286,-1.886617
0.841347,-0.710505
1.743550,-0.776752
-1.339924,0.771413
-0.936025,0.418131
1.497535,-1.212291
-0.780692,-1.424296
0.881581,1.734459
-0.604788,-1.748000
1.468221,0.792628
1.842298,0.687013
-0.924870,1.382453
-0.592010,-0.628401
1.819030,-0.147810
0.964890,1.889389
0.634395,-0.940135
1.993655,0.440721
-1.832997,-1.870207
-0.414684,-0.715827
-1.543971,0.483530
0.498036,-0.996825
1.060786,1.294921
-0.474142,-1.966185
-1.220792,-0.613723
0.923717,-1.129967
0.529674,1.838228
1.909389,0.286537
-0.743441,0.497281
-1.433309,-1.530798
0.909297,1.697709
0.534731,-1.946778
-1.280286,-1.285214
-0.583743,-0.545325
-1.090652,-0.405256
0.968878,-1.432332
1.248222,1.662391
0.428377,-1.799334
0.323435,-0.639122
-0.057807,1.864479
-0.275175,-0.192676
0.680553,0.677820
-0.969479,-0.360193
1.297109,0.482747
-1.583940,1.495078
1.126278,1.836593
1.313368,1.865332
0.940907,-0.488631
0.869474,1.933737
-0.134515,-1.660386
-1.216870,-1.248722
-1.704416,-1.145093
-1.181394,-1.690068
-1.434324,-0.380708
1.935916,-0.820610
-0.027167,-1.227592
1.097617,1.330773
-1.331275,-0.010690
-1.638533,-0.203046
-0.402439,0.389364
-1.561461,0.458481
-0.831773,1.855005
-1.765272,0.137878
1.420103,-0.347614
1.867298,0.110679
-1.610244,-1.484763
0.256060,0.674872
1.324299,-1.707044
1.778008,-0.534670
-0.445048,0.690708
-1.702652,0.501335
1.327626,-0.569407
0.708558,-0.411443
1.394005,1.184982
1.990713,-1.600029
0.870534,-1.575242
-1.689183,-1.348178
0.729189,0.665520
-1.230448,-0.709065
-1.412235,1.610798
0.214288,-0.944831
0.804596,1.244249
-0.706827,-0.909679
0.995505,-0.181703
0.267808,1.010988
-0.440550,-1.861512
-1.564750,0.564912
1.808461,1.194420
0.866758,-1.219309
0.140170,-1.127936
-0.028797,0.520648
-0.967971,-1.227442
0.976686,0.910018
-0.068929,-0.351678
0.212773,-1.870112
-0.038641,-1.945960
-0.946388,-1.630212
-1.053095,-0.272795
-1.488700,-1.379672
-1.666106,0.782432
1.478422,-0.477392
1.119711,-1.599965
1.510485,0.740524
1.240478,0.694335
-0.978542,-1.625458
-0.394718,-0.618976
1.699883,-1.327617
1.035979,1.244492
1.773993,-0.391615
-1.885824,1.273353
0.701415,-0.991627
-0.269888,-0.773156
-1.272047,0.183994
-1.197699,1.490127
1.761408,1.894292
0.177209,1.006053
-0.807212,1.235065
0.155671,0.883257
1.892955,-1.609316
1.857614,-0.171491
1.959350,-1.477459
1.022719,1.493766
0.989678,0.425656
-0.391372,-0.700693
1.392428,-1.843823
0.040468,-0.831014
0.558623,1.137181
0.567812,-1.823172
0.054967,-1.720993
-0.796489,0.800189
-0.007495,0.386865
-1.747503,1.292968
-1.226032,-1.312001
0.128096,-0.380553
-1.660542,1.812595
-0.924224,1.231602
1.497814,0.729058
1.789127,-0.271331
1.850858,-0.518017
-0.431547,1.276301
0.001602,-1.051130
1.882484,-0.564970
1.787815,1.859822
0.308663,0.139755
-0.133175,-0.619489
-1.803846,-0.225562
0.086761,0.473027
1.894414,-1.760336
0.226963,-1.892800
-1.475909,-0.446469
-1.608916,0.498176
-0.889630,-1.149579
1.575648,0.539309
-1.480121,-0.062713
0.714419,0.626721
1.037970,-0.793317
1.909950,-1.293648
-0.638148,-1.593948
1.252285,1.938149
0.329650,0.117596
1.820869,0.138164
-1.433250,-1.223772
1.191386,-0.196375
-0.526391,1.981071
0.175704,-1.929918
-0.020162,1.392512
-1.306527,0.313542
-0.581653,1.811970
1.603765,0.265388
0.351063,-1.602774
-0.834013,0.098256
1.127204,1.870671
-0.174063,-0.883585
-0.950215,-0.749298
0.161535,-0.241392
1.506294,0.737229
1.949333,-1.946914
1.426194,1.623717
-1.091179,-0.277484
-0.623302,-0.682230
-1.192803,0.495696
-1.497810,1.612643
-1.470850,1.567112
-1.531630,1.324052
-1.100720,0.006669
-1.794512,0.015390
-1.405244,1.028292
0.942025,0.072928
-1.496023,0.695081
1.490404,1.972412
-1.428449,-0.763087
1.632110,1.532284
-0.122986,0.356676
1.140382,1.064453
0.542649,1.063610
0.152750,-0.525405
-1.954328,-1.508056
-1.600847,1.905535
-0.562847,1.302699
-1.133869,0.903290
1.987357,-1.535955
1.638590,-1.314518
0.497860,0.725160
1.043999,-1.586392
-0.731597,-1.232459
1.456131,0.556514
0.692175,-0.933919
-0.784461,0.845358
1.096746,-0.413700
-1.701882,0.899806
0.432638,-0.716662
1.214654,1.545250
0.430578,0.084839
1.677753,1.023105
-1.618952,-0.478850
0.385313,-0.219877
-1.483881,-0.710362
-0.221397,1.273329
-0.483460,-1.310758
-0.238156,1.136997
-0.380218,-1.534385
-1.707122,-0.811465
0.880664,0.819974
-1.408471,0.602465
1.153424,0.345596
1.804863,1.072635
1.248235,-1.498766
-1.742836,-0.517748
0.383146,0.346833
-1.183806,-0.339052
-0.487585,-1.598732
-1.021913,-0.115008
0.490842,1.955793
-1.226240,-1.866706
-1.383603,1.366803
-0.971990,-0.055610
1.838794,-1.370125
-0.038851,0.648092
-0.713539,-1.708293
0.308424,0.266326
-0.951706,0.479303
0.589319,0.961300
-1.054243,-1.361497
-0.673121,0.296214
0.757247,-1.066574
-0.034317,1.699407
-1.837235,-0.042063
-1.637483,-1.625336
-0.505369,-1.630608
-0.942254,-0.511277
1.159962,1.765687
-0.312660,-1.037438
-0.786168,-1.503275
-1.972346,0.162506
-1.801862,-1.686595
0.774199,1.329748
-1.363839,-0.365280
1.808294,0.052823
-0.069495,-0.538353
0.252820,1.933134
-0.218863,-0.470524
-1.214295,-1.198694
-1.717133,-1.057418
-1.692354,-1.787715
1.523671,1.699663
1.643071,0.439052
-1.044253,1.173566
0.498223,-1.636137
-1.770572,0.042954
-0.489572,1.183942
-0.770574,-1.828948
0.169578,1.765054
-0.750919,0.924098
-0.166281,-1.902340
0.800911,1.955415
-0.080267,-0.896906
0.707690,-1.801218
-0.735016,0.045001
-0.865691,-1.841756
0.260496,-1.130523
-0.973882,-1.870099
1.550432,-0.214091
-1.296109,0.336571
-1.679939,-0.561352
-0.236475,0.852424
1.128935,-0.266431
1.567155,-1.404697
-0.341038,0.900211
-1.758937,-0.855554
-1.295870,-1.221751
1.887809,-0.933499
0.639663,-1.861589
-1.298408,1.122731
1.028814,1.951069
0.624136,-1.271220
-1.517354,1.773446
0.694607,-0.514358
-1.619380,-0.699792
-0.405572,-1.426656
1.254326,-1.774530
-1.947410,1.361791
-1.840982,1.135925
0.589890,0.176357
1.953551,-0.753029
0.609243,-0.246592
0.121356,1.853204
1.637831,-1.523367
-1.349201,1.764005
0.702955,0.705972
-1.218153,-1.059316
1.259297,-1.771146
-0.612518,0.676792
1.523310,0.934093
0.933924,-1.518055
0.150178,1.416741
-0.220077,-1.890898
-1.105552,-1.665703
1.741045,1.146345
0.251981,-1.081841
1.304492,0.861061
-1.692082,-1.457916
1.471616,0.668678
1.725884,1.680869
0.546018,-0.532586
-1.782272,-1.480730
-1.316095,1.943368
-1.716423,0.948583
1.292674,1.682375
0.601402,1.191728
0.680442,-0.705938
0.742155,-1.507401
1.197001,-1.898799
0.269717,-0.597109
-0.861998,-1.345980
1.713668,-0.485617
0.027289,-0.130892
0.332768,0.687834
-0.251365,0.858133
-1.382410,0.264105
-0.793016,0.960585
0.196210,-1.958120
0.604787,-0.448458
-1.854351,-1.066101
-0.674171,-0.789721
-1.924262,-1.080776
1.783149,1.781471
-0.458633,1.462157
-0.033200,-1.176934
-0.726403,-0.483878
-0.911251,1.322924
-1.216159,-1.204148
-1.317805,1.851707
0.113544,1.612287
-0.345150,1.981421
-1.861489,1.885984
-0.406875,-0.969733
-0.628065,-0.342024
0.352498,1.798938
-0.967204,-0.189141
-0.255233,-1.251381
1.676475,-1.774964
-0.726014,0.915982
-1.993213,-1.028075
-1.191440,0.514649
0.960762,1.112402
-0.949942,-1.287460
1.827971,0.666220
0.058692,-1.173301
-0.785573,-1.188007
1.555200,0.783802
1.442930,1.101592
0.508207,-0.121522
-1.355900,-1.146156
-1.882242,-0.680333
-0.209198,1.769330
-1.542759,0.784615
-0.839678,-1.558859
-0.118287,-0.562409
1.345235,-0.328030
0.687940,-1.301331
-0.583006,-0.159522
0.769542,1.600011
1.879689,-0.290055
-0.864341,-0.368564
1.802188,1.571306
1.356441,-1.314842
1.610871,-0.237497
1.240709,1.859277
0.297687,0.054745
-1.473916,-1.675600
1.136435,-0.551329
0.048405,-1.132969
1.987023,0.576641
1.908654,-1.107744
-0.285170,-0.519212
0.104866,1.433364
-0.917828,0.636092
1.279955,1.405008
-0.219596,1.523749
-1.787801,-0.442523
0.803257,-1.790692
1.783360,-0.960587
-0.061992,-1.640062
-0.252406,1.322670
0.066321,1.032543
1.837186,-1.490195
-0.345088,-1.164794
-1.852240,-1.694205
1.505624,-0.902874
-0.548046,1.495988
-0.720378,1.392107
1.362125,1.392090
1.060140,-1.042984
-1.946155,1.798324
1.257304,1.689978
0.427607,-1.854129
-1.868308,0.254743
0.921691,1.633794
-0.180965,-0.711034
1.824542,1.081258
-1.746106,0.307373
-1.020157,-1.302910
0.660635,0.648482
1.490724,-1.430727
1.888016,-1.080148
0.163353,0.884760
-1.441055,-0.763850
1.769480,0.312690
-1.138073,-1.029158
1.705929,-0.245135
1.936022,-1.822567
-0.087666,-1.894156
1.831024,1.685146
1.296003,-1.172681
-0.039006,1.629894
0.479137,0.819847
1.341866,0.458816
-0.741135,-0.324840
0.585454,0.060491
0.553450,1.994372
0.008181,-0.242980
0.639970,0.239441
-1.149032,-1.074901
-0.988470,-1.335789
-1.260258,0.482084
-0.720965,1.491413
0.370165,-0.177560
-1.164723,1.374411
-1.566137,1.108502
-0.850778,1.657515
-0.500965,0.660151
-0.503071,-0.427025
-0.279854,-0.245768
-1.280802,1.403619
1.144640,1.959217
-0.837093,1.979341
-0.573508,-0.818407
1.436982,-0.295376
1.845873,-0.170346
-1.819050,1.683272
1.480065,1.377333
-0.202139,1.909210
-1.744123,0.410138
0.636157,0.389122
1.304103,-0.491997
0.988935,-0.825868
1.422966,1.927176
0.963744,-1.800022
-1.609637,-1.005897
-0.699356,-1.589497
0.116678,1.335057
0.007720,1.383808
1.599381,-1.967708
0.591556,1.449939
-1.120001,-0.949201
1.252198,-1.762971
-0.764850,0.359409
1.423263,-1.658888
-0.914481,1.743102
-1.244831,-0.299171
1.187484,1.912616
0.864015,0.188236
1.558941,-0.669991
1.281049,-1.408095
-0.298734,-0.033600
-1.934877,-1.100660
1.158959,-0.264133
0.498668,0.415293
0.395608,-0.983403
0.445803,-1.847908
-1.381750,0.468057
0.044216,1.274421
0.683137,1.733626
-1.811790,-1.417253
-0.419518,1.951663
1.195546,-0.891949
1.657230,-1.901602
1.233589,-0.445189
-1.813470,1.274448
-0.015392,0.149295
-1.613035,0.394198
1.926843,1.759802
1.667341,1.103552
1.951206,0.836129
-0.038699,-0.387236
1.454989,-0.894416
1.288012,0.562702
-1.005915,1.932019
0.517943,0.001491
1.944983,-0.633215
-1.670888,1.167420
-0.721899,0.549220
1.602400,-0.832356
0.688770,-0.963365
0.207384,-1.416135
0.450106,0.874490
1.389628,1.752950
-1.535845,1.355929
1.273536,1.672314
0.585780,-0.120620
0.936884,1.614072
-1.434368,-0.400243
-0.076285,0.131606
-1.662970,-0.334475
-1.018966,1.009314
-0.198371,-1.380861
-0.858357,-0.451328
-0.029743,-0.956265
1.367535,-0.404812
-0.813967,-0.273069
1.617613,0.464909
-0.657136,0.226874
0.159201,0.825992
-0.459652,0.645547
0.160173,-1.024140
1.365180,0.817080
-0.010048,-0.099340
0.646610,1.629458
0.417182,-0.875454
-0.438392,0.082639
1.858099,-1.608565
-1.025864,-0.984421
-1.280020,0.513663
-0.804492,-0.972506
-1.386879,-1.926682
1.849548,0.937948
-1.128026,0.444566
-1.557799,1.694087
1.333666,1.359080
-0.390956,-1.135746
1.959361,-1.621928
-0.788416,-0.321240
-1.410941,0.266562
1.354783,-0.563633
-1.495228,-1.044963
1.282359,0.457694
-0.925387,1.039933
1.629199,1.536949
-0.673904,0.904708
-1.447302,1.483218
0.427321,1.228979
-0.201782,1.392314
-0.436143,0.812182
0.244426,0.836987
-1.085746,-1.333092
-1.271698,0.686960
0.586491,-0.091201
-1.330605,-0.827054
-1.095631,-1.628319
0.715117,-0.192345
1.158329,-1.248117
-1.054373,-1.786837
-1.264812,-0.675129
1.940926,-0.099150
1.218781,1.673491
-0.102073,-1.679415
1.680379,0.029137
-1.148389,-1.516271
1.681037,1.717283
-0.478106,-0.629225
-0.738979,1.536768
-0.544017,1.459725
1.946955,-0.446360
0.603413,-0.581015
1.682018,1.130660
-1.406295,-1.511625
0.182831,1.135888
-1.942310,-0.042179
-0.837434,0.781334
-1.766771,1.927352
-1.285630,-0.455016
-0.734645,0.515884
-1.925988,1.432319
-1.632594,0.303199
0.533061,1.691190
0.788991,-0.350570
1.445080,-1.733299
0.947350,1.774278
-1.960582,1.513784
1.045315,0.651248
0.899985,0.092789
-1.859471,0.493654
1.159599,-0.776696
1.897808,1.976022
-1.796969,-0.028315
0.728124,-1.924034
-0.186936,1.984631
-0.373410,-0.424423
-0.200924,1.586590
0.861419,-0.943256
1.282112,-0.022372
0.399361,-1.274754
1.704751,-0.832354
-1.275657,-1.662693
0.565178,-0.680872
-1.175138,1.612447
0.974221,1.609274
1.177251,1.536435
1.209875,-0.325187
0.952180,1.367261
-1.224028,0.223678
-1.931445,-1.429179
0.418340,0.660637
-0.988204,1.942853
0.175704,1.616369
-1.540290,-0.569832
-1.154906,1.674699
-0.227899,0.960001
-0.036176,0.351328
-1.265640,-1.233702
1.739136,0.045111
-0.854329,0.907487
0.244711,0.826377
0.403744,0.216234
-1.610529,-1.273987
0.578300,0.339857
0.356249,0.937216
-0.567156,0.710661
-1.737051,-1.539625
-1.460915,-0.979068
1.111055,0.782693
-1.369298,-0.613798
1.770649,0.307799
-0.981885,-1.031081
-1.418946,1.117772
1.464870,-0.376612
1.583785,1.250877
1.788860,-0.856032
1.432060,-0.214864
-0.804482,-1.955974
-0.138819,1.252579
-0.317409,0.467295
-0.211040,-0.855230
1.706267,-0.860045
0.740879,-0.012871
1.922212,1.541586
-0.329230,-1.456266
-0.956309,-0.191023
-1.469263,1.070226
-1.988760,-1.516680
-1.289041,1.748548
-1.971433,1.678369
-0.426393,0.623565
-0.848726,1.240131
1.716189,-1.849464
-1.337360,-1.191898
-0.672451,1.040428
0.467660,1.020449
1.547152,0.002633
-1.176287,-1.962861
0.930627,1.330560
0.050004,0.062005
1.521140,0.784533
-0.201442,1.340503
1.502347,-0.414577
0.722199,-0.477487
1.866932,-1.995999
1.282257,-1.928303
-1.916825,-0.319271
0.848465,-1.164266
-1.950403,0.335236
-0.460818,0.215386
0.542536,-0.451550
-0.421054,-0.206416
1.253932,-0.117608
1.045815,1.355647
-0.818928,-0.228515
-0.745585,1.427856
-0.540052,0.227140
-1.330064,-0.316488
-0.249129,1.661992
-1.593129,-1.929816
1.488586,1.114973
-0.808929,-0.271982
1.678210,-0.749961
0.136027,0.296035
1.278628,1.025078
1.370644,-0.827568
1.056571,-1.431494
0.253972,-1.853260
1.001405,1.724162
1.579389,1.433110
1.717136,-0.051265
-0.092477,-1.904969
-1.285119,-1.225498
-0.592492,-1.425311
-1.437442,-0.870210
-1.986188,-0.744771
1.526241,-0.448376
0.798058,-1.949564
-0.125226,-0.187337
-1.073679,-1.646261
1.607114,0.355867
-0.634710,-0.500043
-1.314606,-0.695377
1.350843,-1.708212
0.709775,1.305348
0.601426,1.463783
0.808413,-0.116944
-0.988768,1.257302
1.149344,0.283650
-1.467424,-1.437960
1.509465,1.462612
-0.050620,-1.158365
-1.733661,1.344233
-0.692362,-0.394598
-0.422278,-1.836152
0.701068,-1.011535
-0.102329,0.233025
0.173714,1.304508
-1.470938,0.510472
-1.593911,-1.845896
-1.519104,1.070857
0.394363,1.508939
1.129838,-1.879808
0.466857,1.781777
1.976436,-1.994084
-1.530551,1.649792
-0.333792,-1.489833
-1.887706,-1.363248
-0.167439,1.222980
1.939847,1.187843
-1.004529,1.211462
0.143723,-0.302051
-1.733088,0.527976
1.759425,0.660510
0.703391,-0.558577
-1.854640,1.446551
0.611502,1.162889
-0.051239,-1.100348
0.029426,0.122492
1.735250,-0.991274
1.042806,-0.325899
0.248658,0.803946
0.433786,0.279204
-1.117164,1.231932
-0.991670,1.335947
0.360717,-1.664231
-0.585919,-1.899578
0.838987,0.869940
1.391734,0.127245
1.421677,0.685638
-1.717918,1.494646
1.143943,-0.102919
0.642260,1.280609
-0.962036,-1.933887
-0.495951,1.905554
1.621512,0.527049
-1.794972,-1.041305
1.417436,-0.758739
-0.738332,1.320881
-1.474593,0.294244
-0.762679,1.796719
-1.357403,0.043353
-1.200426,-0.781893
1.910226,0.518358
0.904797,1.052501
1.930186,-1.477842
-0.716318,1.527928
-0.392501,-1.123976
0.529763,1.992213
-1.582233,0.007253
0.770151,-0.216382
0.941818,-1.908653
0.782079,-1.242546
0.191326,-0.645850
-0.604714,1.898612
0.236527,0.432622
0.869564,-0.194799
1.856648,1.101114
1.783380,1.003080
-1.010945,0.202054
-0.781749,-1.888089
-1.370158,-0.833451
1.873500,-0.034955
0.516851,-1.026253
-0.260517,0.114060
-1.547469,-0.205805
0.402240,0.954606
1.853285,1.901228
0.528429,-0.475199
1.279244,-0.946341
1.612006,1.727850
0.843854,1.466531
0.931617,1.577404
1.548181,1.171548
-1.828305,0.846592
0.434721,-1.500873
0.075689,-0.214614
-1.728068,0.519425
-1.713487,-0.087271
-1.345902,-1.615873
1.768659,1.763736
1.117646,1.680697
-1.902067,-1.477110
0.651277,-0.481819
-1.966786,0.589739
0.212737,-1.757625
1.744586,0.696426
0.935200,1.729883
0.910276,-0.187803
-1.506045,0.388229
-1.294486,-1.256447
-1.755602,-0.035517
-0.906740,0.288491
-0.773149,-1.542560
0.313235,1.631462
1.300767,0.253907
-1.680966,0.686139
1.976668,1.573464
0.214269,-1.574943
0.861953,0.750038
-0.088120,0.153115
-0.591372,-1.941189
0.627071,-1.408736
-1.030025,1.847658
1.250173,0.915143
-1.711039,0.946094
0.384016,1.716835
-1.381061,-1.946997
0.511799,0.001957
0.631713,0.158575
-0.473515,-0.180506
-1.327852,-0.537274
1.050291,0.443797
-0.620113,1.794882
0.305943,0.591133
0.481333,-0.112268
0.617627,0.397291
0.592663,-1.535520
0.934010,-1.525515
-0.301062,0.227342
0.476612,0.691790
1.458703,-1.169685
0.249922,1.405955
1.672050,0.045353
-1.657227,-0.304059
0.924681,0.341874
-1.237109,1.286698
1.425404,0.603306
-0.444045,1.054881
-0.220463,1.250422
1.982055,-1.459085
1.235564,-0.266275
-1.839081,-0.116551
0.610240,1.674602
-1.780173,1.969082
-0.008458,0.312009
-0.934141,0.714934
-1.058620,-0.489163
-1.878622,0.578383
-0.705697,-1.431811
-0.948203,1.220356
-1.883667,0.512377
1.708931,-0.287959
0.852463,-0.764077
-0.085494,-0.345481
0.705290,1.292632
0.483882,-1.517766
0.760518,1.916210
1.486283,-1.846047
-0.951303,1.863014
1.301092,-0.668446
-1.056375,1.446541
1.396107,-1.937433
-0.067175,0.109365
1.340875,0.688895
-1.293159,1.855165
0.884361,1.574791
-0.953252,-0.268282
0.777243,-1.704357
0.642177,1.796046
0.879348,-1.252769
-1.407897,-0.246640
1.472165,-1.154822
0.622302,-0.962165
-1.283481,-0.800630
-1.505882,1.501601
-0.039599,-1.193939
1.911621,0.013174
1.323226,0.615418
-1.764484,0.225257
0.197615,1.979594
0.763067,1.449867
1.899426,0.513708
-1.224515,0.864500
-0.205141,0.233595
1.369622,1.838639
-1.517762,-1.389521
1.300936,0.795485
0.598290,-1.946512
-1.876324,-1.737582
1.935421,1.191948
1.644017,1.624208
-0.213495,0.371862
1.892920,1.297252
0.136376,-1.404815
1.401371,-1.713517
1.265723,1.980398
-1.419970,1.606461
0.737396,-1.915181
0.150053,-1.319712
-0.639010,-0.939123
-1.856108,-0.392618
-1.464299,0.401515
0.821301,-1.584826
-0.480286,0.201507
-0.135166,-1.002220
1.641012,-0.370468
-0.104290,-0.765293
0.801251,-1.387026
-1.554595,-0.651249
-0.140521,0.516719
0.106515,-0.028535
-0.513418,-0.363021
1.604690,-0.801448
1.109985,1.740713
-0.503117,1.620717
-0.932119,0.024917
-1.880856,0.221682
0.230920,-0.488098
0.293020,0.605327
1.105911,1.172281
0.050417,-0.612458
0.462264,1.776090
1.428644,-1.991429
0.359848,-1.943815
-1.887308,1.909818
0.075486,-1.780357
-0.655381,1.927353
-1.590437,0.660343
0.743645,-1.498585
0.960390,0.905991
-0.722704,-0.529085
0.114231,1.769509
1.847127,1.079104
0.738486,0.706270
-0.866970,1.370600
0.667049,1.599582
-1.441905,1.379384
-0.806808,0.027198
-0.802657,-1.633006
-0.353079,1.940733
-0.905027,0.283277
-1.338660,1.137058
0.173857,1.689925
-0.408684,-0.940598
-0.291627,-0.232529
0.203128,0.124364
-1.550654,0.604125
0.176589,0.726009
0.722811,1.375482
0.430382,1.574048
0.701497,-1.035960
-0.876451,-0.056206
0.807461,-1.808003
-1.340853,0.571039
-1.349880,-0.067714
-1.073283,0.000168
0.678845,1.821712
0.032416,-1.548835
-1.099025,-0.609979
0.739748,0.185097
-1.748545,-1.930455
0.913860,-1.847641
0.174906,0.898102
-0.259915,0.725905
-1.951762,-0.050318
1.052464,0.815115
-1.410066,0.895087
0.120629,0.818834
-0.508563,1.057585
-1.608917,-0.542360
-0.612902,-0.697041
-0.458197,0.454077
-1.287079,-0.478539
0.706226,1.277845
-0.265622,-1.488902
-0.225245,-0.018183
0.492698,1.441151
0.800408,-0.391552
0.409757,-0.148461
1.425787,1.466050
-0.486911,-0.035309
0.887676,0.872489
0.262480,1.438376
0.177837,-1.425580
-0.744171,-1.828466
1.544510,0.931273
-1.630445,-0.983399
-1.509486,-1.975437
0.189473,1.010501
-0.793941,1.514406
1.086609,1.642185
-1.436317,-0.490973
0.057510,0.897723
-1.252832,0.028611
-0.187083,-0.141532
1.187908,1.575023
0.163935,-1.758644
1.661147,-1.582644
0.429897,1.552457
-0.950442,0.005221
1.436089,1.835489
-1.039237,-1.376885
-1.308985,-0.501657
0.249345,-0.590462
0.765776,-1.976072
1.536185,-0.523092
-1.144999,0.850185
-0.324529,1.163235
-0.726691,-0.522598
0.186014,-1.578447
-0.690155,0.028277
-1.409956,1.146293
-0.792414,-0.634180
-0.350726,-0.816040
1.184318,0.297225
-1.441616,0.925584
0.983806,1.834795
-0.270817,0.943479
-0.681024,0.722380
0.342425,0.262088
-1.167720,-0.734595
0.671205,-1.054355
0.157755,0.975195
0.083340,-0.602411
0.193199,0.994681
-1.992245,-0.341060
0.542634,-1.631341
0.705531,0.721024
1.267348,-0.003626
-1.834167,-0.355994
-0.428810,1.018580
-1.750807,1.215754
1.738857,0.145967
1.069719,1.755082
-0.385431,-1.756276
-0.003850,-0.657644
0.508156,-1.642362
-1.286971,1.729577
-1.848903,-0.167834
-0.668168,0.103601
0.739573,-0.245112
-0.310874,0.278243
0.338713,1.578502
0.522982,0.820566
0.984478,1.100118
-1.690936,-0.997524
1.923300,0.748472
-0.702287,-0.187357
1.226613,-1.875511
-1.183589,0.151031
1.835915,-0.812967
-0.947010,-1.874429
1.718211,0.389633
1.579936,-1.647332
-1.298371,1.981930
0.269944,-0.813329
-0.216255,0.032191
1.271235,1.517950
-0.771978,-1.872578
0.073967,0.245852
1.130545,1.154554
-0.435322,0.988911
1.930216,-0.551784
-1.806723,-1.014549
0.183009,-1.622026
-0.756852,-1.096627
-0.770645,-0.290935
1.154397,-0.232966
0.278603,1.373183
0.303096,-1.042712
0.836431,-1.585684
0.038053,-1.765724
0.501151,0.668470
1.786342,-1.352904
1.937076,1.728319
0.835760,0.478105
-1.330161,1.653863
-0.429408,-0.089608
0.064915,0.902631
0.801440,-1.896436
-0.966262,1.584398
-0.565961,-0.109735
0.711178,0.380979
-0.961266,1.942086
0.692218,0.725688
0.216863,-0.987980
-0.958121,-0.834257
-0.417762,1.542884
1.865091,1.705117
-0.309245,-0.106746
0.686756,-1.260974
-0.701982,-0.367524
0.484418,1.564358
-0.939783,-0.575321
1.637776,-0.747764
-0.501977,-1.028591
1.577274,-0.430225
0.861648,-1.448013
1.540921,1.866404
0.636021,1.696224
-0.871980,-0.298849
1.540089,-0.096599
0.630616,-0.426613
1.555559,0.136812
-0.334570,-1.485498
-0.177406,-0.484700
0.019110,-1.541184
-0.081836,-1.466628
0.747821,1.678266
1.711984,1.484108
1.396617,-1.669553
-0.847871,1.672065
-0.855159,-1.985616
1.297322,-1.831779
-1.214278,0.200864
0.477267,1.057766
-0.167890,-1.504174
0.056668,0.983315
-0.455474,1.547684
-0.948199,0.779489
0.962108,0.452512
1.364084,-0.190518
0.776873,1.715211
-0.973778,-0.402529
1.206889,-0.880328
1.343793,-1.106924
0.239808,-0.847607
-0.178405,1.728684
0.533904,1.211283
1.638740,-1.508797
-1.226318,0.907878
-0.227902,-0.217371
0.991670,-0.440272
0.814414,-0.864069
-0.889984,-1.075351
1.203100,1.344698
1.406741,1.608289
-1.750992,-1.920520
-1.242118,-1.433776
1.575766,0.327573
-0.095381,-1.438826
-1.398021,-0.085907
0.258019,-1.918359
1.110260,-1.740098
0.035199,1.355593
-1.299232,-1.988454
-0.867407,-1.883318
0.344300,-1.782035
1.846422,-1.550140
0.972360,-1.579701
-1.589678,-1.360852
0.258830,0.282639
-0.610942,0.781963
-0.583149,-1.156644
-1.535045,0.372864
-0.026422,-0.662364
1.150360,0.014468
-1.994688,-0.650399
-0.031476,0.380848
1.222424,0.672659
1.896725,-0.102326
0.476650,0.875700
-1.591143,-1.223738
-1.549137,0.888610
-0.384356,0.365744
0.137468,1.836858
-1.911958,-0.860036
-1.650939,1.282774
0.488306,0.375860
-0.723862,-1.207542
-1.729716,0.926403
-1.443423,-0.053455
1.817148,-0.637252
-0.084474,-0.481076
-1.745536,-0.968001
-1.164257,-1.697007
0.591605,0.548035
0.837472,-1.783751
-0.340155,0.990031
0.346027,-1.972526
0.582234,0.312489
1.742698,1.758341
1.539463,0.147181
0.721828,-1.397362
0.233260,1.439362
-1.299619,-1.740448
-1.788203,1.744606
0.620482,-1.504676
-1.680636,1.107555
0.716777,0.541913
1.169898,0.891617
-0.000211,1.282596
0.280118,0.576485
-1.901194,-0.601636
-1.188634,-0.574785
0.287798,-0.111820
0.448766,-0.358658
1.229311,1.057722
-1.389228,1.532101
1.829397,-0.101002
-1.302151,-1.337718
1.841007,-1.804374
-0.462594,0.080820
-0.759369,1.659709
-1.102610,1.107317
0.197366,-1.666972
-1.580099,1.425987
1.353428,-0.223929
-0.120332,1.102741
0.344370,1.427990
-0.029603,1.680650
-0.479713,-0.704525
-1.146115,1.522352
0.007220,-0.541953
1.054600,-0.220409
1.224648,1.764885
0.982887,0.666294
-1.997441,1.897006
-1.988526,0.619466
0.461321,1.147188
1.109329,-1.610417
-0.161963,-1.298196
-0.026581,-0.548854
1.040103,-1.398943
0.179877,-1.869629
1.857457,0.509478
-1.718384,1.426421
1.601239,1.506084
1.710857,0.708454
-1.621847,1.121181
0.153837,0.172454
-0.185363,-1.456745
1.157817,1.498670
0.786410,-0.033386
0.896291,1.261227
1.765941,1.284774
0.703322,-0.576411
-0.577957,0.947806
1.915014,0.482074
-0.213962,1.110540
-1.536550,0.130670
-0.528147,0.482590
0.314744,-0.941548
-0.720033,-0.930088
0.803517,-1.245021
1.817303,-0.015315
1.068081,-0.482919
-0.395681,1.355212
1.759832,0.787225
-1.329832,-0.764628
0.419768,-0.169151
-1.923848,1.121016
-0.682583,1.544506
-1.906829,0.330400
0.290078,1.475190
0.692352,0.083875
0.116862,1.037712
1.114885,-1.389018
0.368135,0.540809
-1.033071,-1.001363
-1.151712,-1.336720
-0.779896,-1.151775
-0.393499,1.909377
1.649390,-0.352115
-1.528867,0.570103
0.150886,1.611959
-1.560988,-0.029790
-0.135739,1.782876
-1.272608,0.525409
-0.301214,1.785831
0.346536,0.927970
1.377957,0.240237
-0.261614,-0.429437
1.276176,1.936457
-1.527519,0.038233
-1.327938,-1.834027
-1.995613,-1.278158
-1.068298,0.703109
1.279363,0.719574
-0.476910,-0.065713
0.118591,0.368685
0.541120,-0.928688
1.907875,0.908968
-0.701091,1.945349
0.636362,0.597678
-1.034029,-0.743716
0.224490,0.479186
0.196105,-1.144624
-1.725593,0.853261
-0.403370,-0.844522
0.276960,1.871037
0.124953,-1.518977
-1.412218,-1.877047
-1.412388,0.290726
-0.371115,1.654304
-0.812206,1.764632
1.663433,0.626618
0.467832,-1.765563
0.655000,1.234803
-1.319899,-0.611154
1.273452,1.525246
0.769694,-0.012181
-1.206318,1.332931
1.333332,-0.170218
-0.261599,0.357930
-0.766897,-0.283398
0.398555,-1.745764
-0.374145,-0.006626
-1.482120,-1.262323
-1.994989,0.367859
-1.011472,-1.566073
0.748137,-0.664220
-1.627912,0.192627
0.085051,-1.765695
1.877341,-0.785058
0.755577,-1.263431
-0.657760,0.642784
-0.537057,1.146223
-1.012875,-0.990687
1.685550,0.423520
-0.909600,1.251013
1.115157,1.579691
-0.786252,-0.787556
1.012505,-0.294267
-1.200617,-1.763425
0.575045,0.649018
1.968269,0.302848
1.148340,0.512699
-1.117285,0.079483
1.972172,-1.195230
1.652564,-0.349639
0.846417,-1.418708
0.133112,-1.927393
-1.050340,1.092037
-1.372355,-0.895636
-0.508100,0.740193
-0.121803,-1.722648
0.671220,1.819954
-1.529793,1.991772
-0.036379,0.487123
-1.884829,-0.451713
-0.182539,1.888144
0.111849,1.270213
-0.537626,1.402968
-0.594614,-0.713843
-0.349324,-0.228335
-1.327843,-0.326268
0.045763,-0.671857
1.887129,-1.360223
-1.107735,1.648190
0.392556,-1.078583
0.792988,-0.090324
-1.735009,-1.628508
-0.937570,0.002045
-0.505475,1.219633
1.695909,-1.903173
0.379533,-1.547183
1.969828,1.054197
-0.679598,-1.341931
0.011515,-0.007416
0.817349,1.024923
-0.386978,0.367379
-0.704450,-0.668133
1.090425,0.197177
0.772424,0.309551
0.156482,-1.314143
-0.789910,1.015876
-1.133997,-0.213528
-0.908393,0.240294
1.423365,-1.008365
1.170520,1.993072
1.947331,0.946457
-1.125540,-1.089016
0.694518,-1.952626
-0.214663,1.213772
1.129783,0.718481
0.938216,-0.750194
-1.281623,1.032454
1.923952,-0.776881
1.841115,-0.053287
0.107572,-1.723974
1.307148,-1.653635
-0.970321,0.874995
-0.124787,0.847685
1.644847,-1.784368
-1.930199,1.614069
-0.738979,-1.994110
-0.024653,-1.155277
-0.634793,0.536266
0.197603,1.894816
1.321764,-1.276903
0.983700,1.220397
-0.206635,1.937500
-0.229200,-0.390123
-1.408943,-1.110133
1.642976,0.995591
1.739865,0.135509
-0.320421,-0.790872
-0.443417,-1.866016
1.062204,1.841838
-0.173006,1.730609
-0.905408,-1.688097
0.044525,-0.245433
-1.865244,1.586646
-1.635273,0.419884
-1.735297,-1.143053
-0.857800,-0.259798
-1.561265,-1.118135
0.197276,1.126556
0.056438,-1.920023
0.566228,0.095900
-0.825994,0.739716
0.759794,0.882843
-0.737965,-1.292191
1.189836,-1.090578
-0.113765,0.606928
-0.555093,-1.172545
-1.766332,0.695297
-0.363471,-0.207378
-0.564287,-0.133822
1.490025,0.324710
-1.070179,-1.632324
0.258720,1.730292
0.550755,0.137345
1.511981,0.275319
-1.422796,-0.774012
-1.335832,0.548226
-1.275077,0.975395
-0.993470,-1.226424
-0.664227,-0.910928
-0.949110,-1.989336
-0.389038,-1.656708
0.360594,0.159924
-1.654867,-1.378557
1.763793,-1.067218
-1.681564,-0.391667
-1.373056,-1.931766
1.704075,1.223965
-1.149828,-1.399511
0.846708,-0.110346
-1.040789,1.053789
1.679382,-1.137453
-0.146433,0.052489
-0.810054,0.459226
-1.907387,0.399596
0.530065,0.200491
-1.361219,1.969616
-1.080238,1.494070
-0.731431,-0.992289
-1.694661,0.181370
-0.841783,1.225997
-1.282951,-1.565831
-0.606710,0.719546
-1.497773,1.932394
0.079496,-1.725860
0.144739,1.749066
-1.611709,-1.760732
-0.263492,0.501581
-0.344383,0.520880
0.383922,0.751426
0.949486,1.630483
-1.339440,1.386364
-1.703907,1.008922
-1.772207,-1.746790
-0.111225,0.875095
-0.413226,-1.285308
-0.864544,0.476022
-0.679056,1.589119
-1.836323,-0.960056
0.615817,-0.387426
-0.005372,1.643456
0.249854,0.172639
0.925248,0.940347
-0.493168,-0.427790
-1.278255,-0.318877
0.637136,-0.393297
-1.831025,0.377581
1.430254,0.762358
-0.681582,0.248319
-0.555103,0.588172
-0.612759,1.300695
0.243534,-1.284993
0.321841,-1.022015
-1.222006,-1.717649
-1.307108,-0.598504
0.292655,1.349437
-1.705079,-0.084940
-1.552815,-1.050499
-0.547942,-1.071546
-0.253397,-0.446493
-0.121658,-0.235219
1.955109,1.293963
1.689222,1.442420
-1.216698,1.132115
-0.811555,1.628581
-0.970646,-0.468349
0.860124,-1.440076
0.491087,-0.769112
0.891595,0.099053
1.419872,-1.997934
0.148018,1.222539
0.693363,-1.621387
0.893431,0.042735
-0.699143,0.845022
-0.611621,0.410905
-0.378658,0.621114
0.824705,0.882844
0.366616,-0.656671
1.647048,1.015849
0.412823,-0.198865
1.064268,0.212182
0.258471,1.363860
1.740201,-1.003594
-0.472036,-0.890446
-0.925209,0.248970
-1.074327,-0.011226
1.133003,-1.236170
0.206593,-1.018692
0.353869,-0.378681
-0.147608,-1.416002
1.771547,-1.865951
-1.581772,-1.349078
-0.431147,0.226219
-0.580924,0.336116
-1.507871,0.698911
-0.365201,-1.464583
1.299918,1.699468
-0.272109,-0.825943
-0.991689,-1.226690
1.707968,1.172531
-1.905075,0.717956
1.175988,1.665815
0.062784,-0.066306
0.315495,0.457261
0.429454,-0.704584
-1.101489,-0.279865
-0.845922,-1.740172
1.023637,0.665207
-1.415695,0.658457
0.116439,1.470639
1.731828,-1.778830
-0.448890,-0.095445
0.424579,-1.821149
-0.822532,0.157235
-1.884296,-1.109755
-0.367576,0.154778
-1.906594,1.789135
-1.614520,-0.556431
-0.982483,-0.444734
0.418927,0.036573
0.079337,-1.583766
-1.385848,-0.693671
-1.638666,-0.986288
-1.409174,-1.951215
1.569356,1.697712
-1.069402,1.753856
0.948957,-1.663084
1.135657,1.241161
1.655370,0.309190
0.827492,1.869042
1.546669,-1.633960
-1.807098,1.980942
-1.003271,-1.537664
0.438003,1.930988
1.980922,0.353549
0.221859,1.083363
0.486703,0.359603
-0.627550,-1.352576
-1.324555,1.656709
-0.216308,1.104964
-0.411194,-1.685354
-1.146689,0.786111
0.008174,-1.315676
-0.411492,1.440675
-1.332968,0.312234
-1.505040,-1.470788
0.974265,1.542437
-0.944154,-0.305388
-1.319499,1.055808
-1.815818,1.205257
1.140151,1.724749
-1.479664,-1.563586
1.751104,1.597862
0.199350,-0.215695
-0.464962,-1.111213
0.943458,-0.236771
1.276572,0.402644
-1.208450,0.223347
1.640172,-0.302640
1.013897,-1.182201
-1.009728,-0.667312
1.845571,1.330959
-0.014581,1.518392
-0.458600,0.098606
-1.817041,-1.117908
1.297373,0.407596
-1.301944,-1.845001
0.417333,1.224138
-1.924007,1.298030
-0.113511,-0.274622
0.363746,-0.654227
-0.513902,-0.507187
-1.323997,0.206435
1.945132,-0.881581
0.866230,0.964909
0.188861,0.228006
1.058978,-1.096865
-0.776996,-1.419016
0.375065,-1.220625
1.309735,-1.093478
0.119034,-0.876059
0.119787,-0.449597
0.422170,1.960293
-0.783259,0.983405
1.420900,1.898345
-0.628107,1.808689
-1.336101,-0.593541
1.799226,0.718470
0.193185,0.424848
-1.858570,1.460282
-0.000833,-1.263736
-0.099748,-1.345259
1.574936,1.430752
-0.416967,-1.638073
-1.967512,-1.859243
0.729051,0.947988
-0.155540,1.965916
-1.233413,0.038102
0.928115,0.824132
0.453679,1.403935
-0.263907,-0.205061
-1.416010,1.945089
-0.964729,1.081335
-1.131861,0.276961
1.036970,0.133184
0.437875,0.347023
-0.769851,-1.423151
-0.961240,0.455112
-0.492865,0.802445
0.145929,0.276283
-1.533591,-1.820952
0.260434,-0.287806
1.317868,0.966927
1.591607,-1.978721
-0.531346,-0.585935
-0.269731,1.512178
-0.953974,0.950121
0.530378,-1.139921
-0.697852,1.309062
-0.178382,-1.305032
-0.582144,-0.899691
0.638951,0.345912
1.084245,-0.517324
-1.650428,-1.550912
-0.308829,-0.615313
-0.533452,1.698001
1.038847,1.379436
-1.344387,-0.743481
1.007243,0.588716
0.954371,1.320852
-1.227029,0.163009
1.236924,-1.399255
0.796307,-1.086588
1.998702,-0.180869
0.455454,-0.458506
1.549033,1.311302
-0.323661,-0.494692
-0.289755,-0.289197
-1.698922,-0.933210
1.450173,1.029378
-1.357302,1.874085
-0.292539,1.825138
-0.998817,-1.717226
-0.775340,1.249228
1.585543,0.724932
-0.936041,0.276226
0.254252,-0.894091
-1.949834,-1.298304
-0.972637,-1.573832
-0.177034,-1.311540
-1.359892,-0.947288
-0.498752,0.508507
-0.590251,1.488196
-0.591868,1.244444
0.970333,1.735582
0.436787,0.461362
1.847325,1.634321
0.986380,-0.305812
-0.550683,-1.030160
-0.108410,-1.342587
-1.441252,-0.994840
0.511244,1.488552
0.677047,0.466982
0.508907,-1.105861
-1.913601,0.460329
-1.745486,-0.449543
-0.058813,0.962265
-1.251243,0.561094
0.565047,1.398901
-1.220449,-1.289601
0.025333,-0.922421
-1.888151,-0.465358
-0.562217,-0.665128
0.755115,-1.816187
-0.661759,0.275397
0.216734,-0.666478
-0.631990,1.577938
-1.063056,-0.952581
-1.850641,0.497499
-0.817920,1.228789
-1.262291,0.221481
-1.437129,-1.539894
0.245962,0.517471
1.331389,-0.150112
-1.636509,1.038380
-0.477694,-1.183494
0.471347,1.991992
0.575863,-1.280048
-0.182378,0.886534
0.253200,0.902981
0.719771,-0.820760
-0.974260,-0.503960
1.906037,0.006505
-0.881125,-1.553520
1.077801,0.868720
0.151423,0.544339
-1.320182,0.326160
-1.422445,-1.704018
0.982267,0.734319
1.894915,1.434094
-1.178499,-1.384540
-0.467769,-1.091032
0.998691,1.388995
-1.362066,-0.022634
0.439152,-0.151488
0.165286,-1.274386
-1.609344,-0.123852
1.745959,-1.157966
1.786267,1.840671
0.597732,0.010701
-1.502345,0.729295
0.544181,1.942664
-1.373627,-0.957035
-0.532072,1.026524
-0.942884,-0.948779
-1.429233,-1.785067
-0.469478,1.572654
0.299521,-0.366640
-1.095840,-1.401621
0.210186,0.353932
1.591757,-1.338494
-1.302676,-0.398890
-1.838328,-1.918713
1.011924,-0.228497
-0.898154,-0.642069
0.796658,-0.724877
1.963048,0.341145
1.461410,0.182082
1.256154,-1.833240
1.644074,-1.920447
-0.157076,-1.795472
0.016063,1.166842
-0.742910,1.863893
-0.847536,1.936032
0.517757,1.927948
-1.437764,0.501032
-1.294840,-0.759104
-0.627502,-0.862752
-0.018214,1.182364
1.562571,-1.054386
-0.190180,0.896615
-1.574204,-0.627810
-0.044056,0.012499
-0.341480,0.740066
1.485980,-1.225066
-0.752351,-1.129880
-0.417885,-0.910575
-1.507961,0.354462
-0.177242,1.696828
1.682727,-1.103440
1.605092,0.117668
-0.977187,0.233968
1.320672,0.643862
0.933822,0.319183
-0.825106,0.904467
-1.086230,0.143144
-1.725552,0.133531
-0.201034,-0.898081
-0.453948,-0.148536
-1.454392,0.789002
0.668769,-0.205639
1.287550,-0.091005
0.104347,-1.075498
-1.180053,0.695771
0.621986,0.181995
1.022314,0.999108
1.489325,0.740305
-0.573433,-0.751531
-1.468153,-0.296107
1.826225,0.595430
1.070076,0.208235
-1.249291,1.121590
1.901921,0.588295
-0.474462,-0.023667
-1.192775,-1.331795
1.286101,1.820781
-1.532596,-0.012601
1.061239,-1.718708
-1.725977,-1.407014
0.014397,1.673966
-1.965491,0.760885
0.978229,0.567724
0.909880,1.903953
-0.684975,-1.899024
1.344460,-0.294092
-1.183085,1.428922
1.329749,0.196697
0.445559,1.931632
0.197251,1.566178
-1.123493,-1.853198
1.269316,-1.841529
1.983137,-1.851826
0.303524,0.644956
0.088453,1.651904
-0.890834,-1.411692
0.355082,0.442842
0.887167,-0.285414
1.366834,-0.792195
-1.091315,0.916548
-0.388378,-1.448223
-1.945874,0.354824
1.398731,-0.721586
0.303545,-0.139216
-0.433162,-0.124206
0.972513,-0.318983
-0.040267,0.740107
-1.542058,1.305912
-0.845929,1.003162
1.428784,1.954335
0.369976,-1.678393
-0.963767,1.546369
1.618732,-0.987375
-0.981408,-0.515603
0.225809,-0.786870
0.308051,1.877144
0.201631,1.362238
-0.611681,1.470144
0.707123,-0.157325
-1.240837,-0.451769
-1.292211,1.044351
-0.165931,-0.970568
-0.324783,-1.253772
0.348016,-0.254677
-1.095581,0.444547
-1.185438,0.689252
1.370113,1.224898
-1.731189,0.901547
0.154114,0.445388
-1.101398,0.965493
-1.082425,0.015081
0.617799,1.463444
-0.441192,1.629551
1.808004,-0.981192
-0.232625,-0.732851
0.364893,0.095254
1.422055,-1.896279
-0.525179,1.017241
0.257241,0.218050
-1.669660,1.633606
1.423490,0.779380
-0.795450,-1.450880
-0.292591,1.127787
0.821624,-0.241814
-0.556200,-1.768608
0.152575,-1.635627
-1.526026,-0.132191
1.482643,0.489710
0.271439,-1.265349
0.012515,1.278233
-1.025425,0.879877
-0.678052,1.615078
0.515843,-1.245250
0.696020,1.768691
1.046142,-1.839624
1.064021,-0.620024
1.634900,1.694928
-0.176934,-0.845619
-1.875887,0.650996
-0.805298,-0.376009
0.757396,1.259848
1.739535,0.640571
0.867930,1.080349
-0.945702,0.113923
-0.968523,1.971077
1.339762,1.101163
0.794804,-0.109265
-0.431837,0.992099
-0.593266,-0.979496
-0.518470,0.978799
-1.031594,1.102800
-1.639128,-0.608413
-0.953898,0.790067
1.380404,-0.615678
1.890820,0.111156
-1.714000,1.206429
1.461823,-1.960190
0.431087,-1.017260
1.233765,-1.776176
-0.053792,-0.122276
1.361352,-0.085198
-0.597724,-0.566365
-1.238052,-0.644826
-1.001911,1.185110
-0.279790,0.265361
-0.154035,0.998762
-0.960271,-1.031791
-1.978578,1.795453
-0.948015,-0.312786
-0.835060,-0.576434
-0.611335,0.539819
1.614188,1.027957
-1.484775,0.069088
1.136810,-1.801061
0.393765,0.859102
-1.297773,0.067336
-1.936011,-0.412793
-0.051953,1.417054
-0.069527,-1.429126
-1.832105,-1.502238
1.755927,0.589389
-1.423526,0.874124
1.041608,0.465848
1.315592,-1.097764
-1.841443,1.398057
-0.839819,1.563030
1.197366,-1.392735
-1.543223,0.170534
1.631968,-0.508749
-1.479865,-0.669361
1.384556,1.447428
0.984034,-0.811602
0.092517,-1.544441
-1.416447,-0.414935
1.030438,-0.057121
1.976999,-1.970942
0.916683,1.984164
-0.613556,-1.014959
0.357984,0.855081
-1.425481,0.982147
-1.196354,-0.891439
-1.726654,0.480915
0.603384,0.545295
1.032193,1.014615
-1.432827,-1.577011
0.247166,1.229629
-0.987250,1.223770
1.955480,0.652296
-0.752943,0.307585
-0.355207,-1.154427
0.656950,0.220003
-1.158287,-1.428570
-1.346024,0.378411
-1.602200,1.867682
-0.205624,0.543173
1.133472,0.727899
-0.337493,0.040904
-1.089454,-0.591086
-1.971648,1.530356
-1.622183,-1.607527
-0.069865,0.576280
0.109366,0.266723
-0.194708,-0.070218
1.615527,1.076272
-0.183034,1.028852
-1.849398,1.117989
-1.087762,-1.127553
0.899677,-1.721429
0.944986,-1.556015
-1.732966,-0.274496
-0.962094,-0.402420
-0.360794,1.584343
-1.462870,-1.457829
-1.717965,1.268544
-1.536077,-0.644430
-1.900511,1.130405
-1.103062,0.042001
-1.840558,1.770829
1.055857,-0.579519
-1.895139,1.904284
-1.002209,0.303918
-1.579059,1.675433
0.004408,-1.752211
-1.192717,1.479945
-1.223245,0.774944
-1.331487,-0.931194
1.252516,0.870466
-0.491420,-0.070909
-0.860966,-1.958138
1.969450,1.542204
0.585075,0.587383
-1.308625,0.509051
0.153495,1.343812
0.898206,-1.773357
0.004594,-1.724070
-1.715310,-1.639723
1.623183,0.254355
1.591308,-1.578676
0.392927,-0.990333
1.715697,-0.926469
1.574253,1.794621
0.247079,-0.149326
0.139668,1.050296
0.098672,-1.106856
-1.713797,-1.987609
-0.564586,-1.676794
0.799880,1.769793
1.648547,1.725761
-1.638815,-0.886673
1.448641,1.688913
1.524438,0.666408
-1.840287,-0.949797
1.462903,0.018976
-0.097148,-0.490517
-0.843220,-1.769313
1.034576,1.983078
1.970002,-1.512185
-0.449635,0.397101
1.630692,-1.427390
-1.077945,-1.584808
-1.754176,1.559024
-1.695717,-1.331228
-0.920335,-0.393760
-1.881915,0.997602
-0.601781,-1.020240
1.551818,1.300913
1.023174,-0.163297
1.990629,-0.166165
-0.950956,-1.726267
0.296190,1.896547
0.347228,0.378256
-0.384027,1.220823
0.773810,0.797375
-0.150285,0.358765
0.212955,-0.060806
0.014386,-0.072012
0.165370,1.757808
0.391277,-0.940380
-0.000563,-1.583521
1.357892,0.498326
1.590766,1.509455
-1.882233,-0.765561
-1.393667,0.692412
0.215043,0.892076
-1.296515,1.681012
-0.514605,-0.404799
1.172978,1.299240
-1.985628,1.151324
-1.537842,0.266682
1.157008,1.841625
-1.272112,1.612123
-1.665181,0.879832
0.745544,-1.647704
-0.394329,-0.550498
0.004376,0.532922
-0.204076,1.877268
1.108829,-1.727141
0.962818,-0.201655
-1.118005,1.088255
0.569034,0.220196
-0.849444,-1.749846
-0.662962,1.576388
-1.048433,-1.823469
-1.497754,0.606718
-0.032315,0.251685
-1.856860,1.803194
0.314912,-0.733712
-0.146725,-1.901054
-0.480482,0.912026
-1.997855,-0.932313
0.504154,1.668124
0.005906,-1.337152
-0.337191,-0.641296
-0.736602,-1.107691
0.124442,1.535645
0.075090,0.082065
-1.190177,-1.416706
1.027613,-0.551614
-0.153349,-1.702202
-0.456050,-0.441560
-0.989839,0.768345
-0.937640,0.731022
0.011196,1.801233
-0.248037,1.813149
0.313848,-1.952098
-0.597151,1.817144
1.982744,0.652276
-1.560910,-1.591946
1.597607,0.897358
0.154680,0.412225
0.849615,-1.836086
1.835569,1.265192
-1.425158,-1.027247
1.101106,0.220298
1.496871,-1.656137
0.454207,-0.894906
-1.328705,-0.216453
-1.814939,-0.450368
1.353133,0.130301
-1.057952,-0.058012
1.677391,-1.228176
-1.838843,1.790776
0.897360,-0.693231
1.275023,-1.010068
-0.557931,1.397472
-0.199082,0.643273
-0.808799,1.886808
-0.155733,1.281011
1.594661,-1.691584
0.196923,1.637203
1.727877,-0.228626
1.990891,-0.409118
-1.623371,0.499693
0.640118,-1.368200
0.161368,0.382292
-0.130255,1.083110
1.275452,1.580102
1.786543,1.107836
0.726070,1.587048
-0.722262,0.029839
1.932513,-1.057743
-0.837223,-0.893555
-1.197845,1.843024
1.302106,0.959602
1.285801,1.745730
1.866799,0.753888
0.625033,-1.268412
1.655219,1.723652
1.908739,0.925407
-0.033749,1.719806
1.527129,1.767997
-1.640398,0.419403
0.457379,-0.667643
-1.701569,0.952271
1.109584,1.495204
-0.932766,1.955863
0.490011,-0.466106
-0.414658,-1.246032
0.342395,1.296766
1.196423,-0.807331
-0.486634,0.077109
0.547783,-1.406199
1.330273,0.834290
-1.504052,-1.383649
0.536877,-0.233038
1.070353,-0.508065
-1.146436,0.981198
-0.983865,-0.421923
-0.583280,-0.510181
-1.674692,-1.625528
0.618655,0.629906
1.739501,-0.216462
-0.907964,0.116792
-0.771013,1.838748
1.949315,-0.698509
0.176738,1.883314
-1.409111,0.741778
-1.593197,-1.080491
0.012505,1.933068
1.237558,0.730326
-0.190859,1.417210
0.689168,-1.560791
1.641719,1.620867
-0.521559,1.277565
0.574010,1.769121
0.113856,0.097570
-0.735548,-1.391520
0.291861,0.245648
0.440036,-1.947434
0.263686,-1.787322
-0.576250,-0.452820
0.033349,0.465840
-0.540564,0.401204
-1.579236,1.320667
-0.453084,1.975321
-0.424106,0.753620
0.014192,-1.438994
-0.150878,-1.352995
-0.453266,-1.261475
1.595844,0.402816
0.023193,0.759850
-1.238752,-1.750877
0.455226,0.963125
-1.166258,-0.543408
0.285411,-1.938168
0.645801,0.238296
-0.800099,-1.071315
1.358519,-0.336534
-1.882545,1.999518
-0.295420,-1.994821
0.524427,-0.172406
-0.491881,1.502085
0.780470,1.658303
0.217555,1.005937
-1.934234,-0.768125
-0.633947,0.954221
0.093620,1.546341
1.132236,1.618713
0.688499,1.480440
-0.913476,1.851507
-0.262684,1.890051
-0.805191,-1.071994
-1.496261,-1.510135
1.243476,1.456575
-0.916231,-0.779537
-1.252045,-0.141088
1.298548,0.854020
-0.412680,0.985843
-0.258188,-1.691748
0.637048,0.306014
0.055083,0.423044
0.250783,-0.879880
0.290500,-0.133645
-0.928931,-0.278325
-1.146016,-0.679371
1.199472,-0.305012
-1.663332,-0.803092
0.585884,-0.645259
-0.559730,0.515425
1.137859,-1.461241
-1.612937,-1.755363
0.870180,0.519030
-0.137248,-0.107197
0.015520,-1.161711
1.659289,-1.760123
1.532970,-0.402181
1.109721,1.776926
-1.742820,-1.472494
-0.912379,0.831486
-0.333273,-0.371161
-0.391676,1.619941
-1.567758,-1.991033
-1.358357,-1.589163
-0.227336,-0.192363
-0.913960,-0.340438
-1.728293,-0.157358
1.286152,0.702946
1.850661,1.385681
-1.562520,0.142913
-1.487717,1.359525
-0.149949,-0.582962
-0.717210,-0.865877
-0.324965,0.332323
1.946877,0.530254
1.257093,-0.273678
0.478392,1.201897
-1.131267,-0.352930
0.777873,-1.676016
0.030909,-0.467469
1.253003,0.595982
-0.000842,-0.882301
0.313512,-0.977868
-0.363750,0.714411
-1.658703,1.676475
-1.268206,1.340314
-0.080450,-1.519183
0.234862,1.487618
-1.965815,-1.864970
-1.404619,-0.964232
0.307912,0.198858
-1.368194,0.895589
1.776512,1.053649
0.058533,-1.048536
1.123611,-1.787236
1.391763,1.113445
-0.511099,0.834386
-1.104918,0.964789
0.211297,0.082451
0.527396,0.888615
-0.684692,1.807869
1.930642,-1.529756
-1.473222,1.011335
1.776997,-1.450981
-1.142654,-0.450548
1.641158,-1.214910
0.198180,1.480390
0.407232,-1.779333
-0.996734,-0.767898
1.323497,-0.691365
-0.929642,-1.880268
1.321290,-1.122501
0.690289,0.971802
-0.427689,0.900834
0.437104,0.653977
-0.467853,-0.834690
-0.544489,-0.432731
0.544642,-0.870736
-0.876117,0.583126
1.546053,-0.055712
1.515383,-1.084615
-1.608675,1.606992
-1.157442,-1.197975
0.300132,-0.820929
0.804640,1.307069
0.523904,-1.365211
-1.945020,0.554736
0.429600,1.696362
-0.929244,-0.743276
-0.491877,1.761490
-0.871248,-1.289389
0.610553,0.355852
-0.966497,0.719332
1.345219,1.517967
0.812939,-0.235030
-1.898776,-0.454672
0.535130,0.351158
-0.315531,0.010056
-0.360773,1.196233
-1.907326,-0.027307
-0.865179,-1.782395
-1.606916,0.410264
-1.056889,-0.726011
1.295114,1.870892
0.581740,-0.239427
1.880361,-0.731219
0.896119,0.838089
0.431407,-0.756648
1.479650,-1.130335
1.693871,-0.087573
0.633009,-0.129551
-0.650536,0.721888
-1.340904,-0.360502
1.687453,-1.828157
-0.695787,-1.169646
-1.698587,-0.297258
-1.918025,-1.081699
0.839213,0.518435
-0.216409,-0.374109
-0.417160,-1.086494
-1.969835,-1.989044
-1.892714,-0.385858
0.332659,1.462320
1.579662,-1.909415
1.492188,-0.411223
-0.339705,0.329668
-1.924069,1.040233
0.494962,1.937173
1.157759,-1.704035
-0.533438,0.235872
1.156555,-1.371978
0.921487,1.061567
-0.787003,-1.457840
0.953038,0.773980
0.939043,1.794093
0.797496,1.268416
-0.617076,1.716206
-1.666616,1.583223
-1.453688,0.752542
0.830874,0.396923
1.182223,-1.021158
-0.590009,-0.030395
0.594318,-0.766690
0.157241,0.653120
1.879821,-0.557023
0.782066,1.611506
-0.880027,1.474547
-1.592627,-0.496323
-0.616813,-0.522560
-0.129846,-1.218463
-0.669412,0.224851
1.104280,-1.351116
-0.039958,-1.507755
-1.374998,0.049023
0.297388,-1.781233
-0.615550,0.737711
-0.600179,1.045526
1.427971,1.883102
0.226459,1.816529
0.196155,0.970577
-1.683517,-1.759665
-0.337000,-1.213076
1.790344,-1.696915
-0.737562,0.350510
-1.894713,0.435563
-0.777612,1.132997
-0.941900,1.080408
1.611024,0.912808
1.116817,-0.067448
-0.024411,-1.222823
1.604445,-0.672337
1.658427,-0.488278
-1.965167,-0.583204
-1.768926,1.182988
0.486267,-0.503451
-0.757005,1.171809
-1.645749,0.552870
1.154929,-0.217432
1.691724,-1.836927
-0.179521,-0.224349
-0.279268,1.266860
-1.501207,-0.681131
0.180856,-0.885168
-0.533590,1.640160
0.913647,-0.208324
-0.443709,-1.395672
-1.047380,-0.234266
-0.040564,-0.585508
-1.265474,1.130339
-1.692639,-1.017959
0.689830,-0.607039
1.397843,-0.925082
1.789197,-0.534525
-0.530593,-1.010367
1.617096,0.177151
-1.986611,1.109403
-1.235575,-1.039389
-1.777330,-0.903684
0.966866,1.923406
0.089857,1.817979
0.170697,-0.517580
-1.016450,0.167789
-0.487676,-1.716689
0.052452,-0.552464
0.128544,1.390889
-1.893008,-0.890841
-0.086424,-1.893969
0.014259,1.851998
-0.925942,-1.814470
1.599748,0.755343
-0.276543,-0.902583
-1.869997,0.393822
-0.937257,0.945541
0.437005,0.423679
1.442618,-0.928615
-1.190363,1.280795
0.203005,0.516535
1.711320,0.481808
-0.950384,-1.642407
-0.634132,0.265630
1.300145,0.378472
1.994926,0.522109
0.802511,-1.312787
1.953317,-1.295014
0.167982,1.802358
1.303696,-0.306028
-0.175692,-1.023404
1.782136,0.611466
-1.747026,-0.513403
-0.423375,-1.561526
-0.401611,-1.837406
-0.853304,0.796579
0.430056,0.948415
1.991447,1.772999
0.483049,-0.782366
1.278355,-0.343470
-0.108893,-1.631774
1.161709,-0.797567
-1.529618,-0.524747
-1.850055,1.535387
-0.242832,1.303089
0.189504,0.319735
1.096028,1.274370
1.504751,-1.496652
1.560781,-0.346464
1.391306,0.323032
-1.872270,1.463050
0.942615,-0.069538
-1.047710,1.311002
1.181676,1.104641
-0.684818,0.078872
-0.355068,0.939691
-1.123869,1.602183
0.574584,1.185298
-0.242879,1.815410
1.795471,0.486231
1.513097,1.173953
-0.522135,0.214860
0.188066,0.523808
1.628133,-0.616269
-0.179270,1.016542
-0.829964,0.269159
1.103172,-0.750544
0.491073,1.060685
1.085449,0.962782
-0.483268,-1.563223
-1.559580,-0.260505
1.430578,0.062729
0.691004,-1.466933
0.137056,-0.755775
1.132297,1.734000
1.901202,1.976803
-0.546540,0.845741
-0.151917,1.563352
0.500318,-1.512476
-1.729110,1.851621
0.873387,-0.096241
-0.897459,1.120357
0.513607,1.607133
0.793101,-1.836581
1.742119,0.194438
-1.206209,0.886197
-1.895744,-1.004408
0.030679,-0.833429
-0.952776,0.239842
0.311014,-0.382139
-0.443211,-0.304863
1.468796,0.592883
0.869371,-1.828153
-0.387185,-0.501853
0.164496,0.537872
0.513531,-0.209030
0.620890,0.735340
0.200128,0.637355
0.112278,-1.043393
1.017384,0.225275
-0.551778,0.873434
1.759671,0.067601
1.062444,1.636767
-0.431463,-0.617603
1.414235,-0.005550
1.541433,-1.966874
-0.361697,-1.378723
1.954154,-1.062598
0.680833,0.056997
1.301631,-1.673474
-1.960280,1.800183
0.023312,1.543819
0.171356,1.628283
-1.216141,0.699868
-1.452277,1.142787
0.207772,1.384524
-1.319295,-1.165545
-0.677048,1.514407
-1.737937,1.088553
1.171087,1.615704
0.798836,-0.861141
0.909614,0.146245
0.439814,-0.586188
-0.827547,-0.711354
1.480927,1.284446
-0.430392,0.315861
-0.193975,1.402742
0.611981,1.632782
-1.349071,-0.853993
-0.866032,1.124713
-0.726542,-0.524656
-0.758887,-0.855788
-0.888938,0.653361
1.050192,-1.705120
0.639870,-1.927342
-0.065069,-0.935019
0.099795,1.611213
-1.473122,0.390384
0.323421,1.264673
-1.747079,-0.344726
0.927572,-0.480868
1.183078,0.338954
0.012892,0.981858
-1.581019,-1.098551
1.410689,-0.253662
-1.519596,-1.852437
-0.744374,1.663579
0.999465,-1.757412
-0.762212,-0.128042
-0.258648,1.056409
1.906771,-0.039239
-1.994279,-0.785324
-0.035899,1.639602
-1.733464,-0.914218
0.235581,-0.895404
0.712860,-1.440351
-1.459819,0.393948
0.670617,-0.704596
0.713362,0.395115
1.623629,0.433517
0.504107,-0.838780
0.100309,0.982849
0.021278,-1.856218
-0.318325,1.008384
1.789302,1.170605
-0.784524,-0.152001
-0.539302,0.802279
-1.095144,-1.965669
-0.280230,-1.698394
-1.482069,-1.464537
-1.136907,-1.411641
1.181379,-0.376847
-0.643039,-0.484020
-0.936728,-0.157367
-0.912283,-0.599455
-0.199312,-0.896426
0.459146,-0.378808
0.874167,0.243478
-0.886612,1.851741
0.140242,-0.729257
-0.822706,1.415349
