-0.568407 -1.598365
1.314155 1.409853
0.390215 1.091906
1.077403 0.862975
-0.654548 -1.643717
-1.678793 -0.833004
0.444915 0.976857
-1.059590 1.659854
-0.352852 -1.498786
0.815457 0.387313
1.445759 -1.257887
0.603349 -0.889715
1.334900 0.613362
0.445185 0.995139
1.249917 1.296721
0.910321 -1.541039
-0.947964 0.080257
1.339931 0.954398
0.465687 0.781899
1.397760 0.776439
1.356574 1.292600
-1.795142 -1.203135
0.714275 -0.770073
-1.144294 0.258806
1.614503 0.676717
1.341156 -1.279289
1.207771 1.561940
1.318686 -1.304855
-1.403975 -0.450403
-0.620007 -1.634352
-1.457958 0.563007
-1.841443 -1.098897
0.720820 0.621625
0.530847 -0.635344
1.274341 -1.428614
1.456103 -0.798777
-1.468592 0.612892
1.020939 0.496922
0.961823 1.244211
0.538929 0.667019
0.394150 -0.884985
-1.084871 0.246667
0.981130 -0.703906
1.244238 1.206039
0.918239 0.984827
-1.910181 -1.240095
-0.931990 1.666395
1.107556 0.949711
0.355844 -1.113434
0.957390 -1.560180
1.475157 0.583207
0.356511 -1.066569
0.899641 -1.182970
1.087674 0.902027
1.645902 0.848792
1.382858 1.492787
0.649937 -0.711470
1.081517 1.376344
0.826053 -1.564836
0.733011 -0.406036
-1.959848 -1.401993
-0.883084 0.233159
-0.644571 -0.587719
-1.424920 0.471777
-0.455582 -1.532491
0.508806 -0.720602
0.644543 0.807062
0.705552 -0.612946
0.539834 -1.077836
1.081155 -0.433205
0.841276 1.046767
0.905798 0.785478
1.048526 -1.415209
1.448199 1.145118
-1.987903 -1.530952
0.637463 1.216101
-0.361496 -1.552842
0.565504 -1.000320
0.701482 -1.456259
1.316266 -1.150026
-1.705831 1.279077
-1.670516 1.336709
1.291643 -1.153538
1.385897 1.521830
-0.434020 -1.471478
0.845626 1.566099
0.647302 1.572254
1.019742 0.831761
0.906669 -1.095884
-1.604742 -0.792685
1.088799 -0.644842
1.295060 -1.621523
0.335158 -1.169679
1.098142 1.011049
-1.522942 1.453255
0.910965 1.366690
0.935566 -1.432901
1.483584 0.920452
0.575301 -1.461323
-1.146033 1.594926
1.064859 -0.878417
0.951064 -0.953832
1.425647 0.909556
-1.174147 1.576085
1.127395 1.624116
0.814479 -1.482055
-1.832174 -1.468864
-0.788698 -1.668764
1.248790 -0.633295
1.175590 -1.212110
1.257591 -1.639161
0.751294 -0.369840
-0.834254 -0.294320
1.056115 1.177599
1.561793 0.734212
1.652208 1.251415
1.072344 -0.541261
1.226595 1.318755
1.216597 -0.960831
1.195231 1.399263
0.995495 0.596544
-1.720426 -1.015718
1.169868 0.505642
1.416434 1.009806
1.320121 0.843121
1.101558 1.310764
0.771721 1.419370
0.915816 1.299336
1.573048 0.758650
0.709351 1.340484
-1.544131 -1.589489
0.749162 1.520721
0.725040 -1.548304
0.374449 1.094700
0.492319 -0.968318
-1.714227 -1.063095
0.494241 -1.142064
-1.746360 -1.091741
-0.988629 0.083714
-1.403443 -0.469836
0.812845 0.704818
1.027873 -1.134581
1.521411 0.908630
0.495251 -0.875952
1.320010 -1.121782
0.786781 -1.294001
0.821044 -0.859295
1.286948 0.538540
0.863196 0.840517
-1.277103 -0.392669
1.427104 -0.975299
0.699199 -1.388064
0.778075 -0.854761
0.895330 1.629618
1.196657 -1.003074
1.211157 1.241338
0.770725 1.298761
-0.281631 -1.617465
0.632040 0.598621
0.756830 -1.120573
-0.338927 -1.519667
1.338653 -0.886513
0.735923 -1.220878
-1.312423 0.373311
0.908906 -1.601625
0.474294 0.818733
0.875010 0.678328
0.773725 -1.347142
-0.484515 -1.655685
-1.618009 -1.345387
1.058960 -0.880320
1.107862 1.101269
0.830051 -0.677092
-0.494146 -1.609971
0.520667 1.303645
-0.770268 0.269632
1.220142 -1.319426
0.896028 0.603028
1.360844 -1.152411
0.818264 1.116772
1.230833 0.419253
0.635633 1.315775
0.435273 0.703911
-1.743476 -1.319750
-1.642027 -1.413441
-1.640947 -1.578150
0.719845 0.684529
1.246617 -1.208917
-1.624358 -1.491165
0.921723 -1.042707
1.165698 -1.162785
0.884370 0.706509
1.364675 -0.945218
0.386001 -1.239815
1.339382 -0.545044
1.172400 -1.493679
0.885534 0.940729
-0.998473 0.155775
0.870937 0.885763
-0.376660 -1.394259
0.856676 -1.452038
1.382316 1.426393
1.342764 1.074872
-0.427926 -1.425054
1.198677 1.400864
-0.991126 -0.256695
0.886490 0.765561
0.637992 -1.138989
1.139155 -1.508100
1.013581 -1.161115
1.353706 0.417463
1.049287 -0.373428
-1.286056 1.625782
-0.996349 1.690288
1.128426 -1.012919
0.716529 -1.346770
0.854209 0.329637
1.237753 -0.830610
1.519331 -1.237512
1.229869 1.058769
0.957653 1.041444
1.033872 -0.471910
1.310680 -1.269394
-1.034424 0.267234
0.545563 -1.526972
-0.982746 -0.128556
0.961445 -1.491018
1.413898 0.746346
-1.524934 -0.542276
0.934951 1.338047
1.416179 1.032616
0.602014 -0.547594
0.804155 -1.358772
1.423627 0.678732
0.713029 1.300800
-0.386812 -1.586196
-1.743562 -1.441184
1.547818 0.655216
-1.703987 -1.541576
0.810927 1.603443
1.060448 -1.513465
0.519377 1.068091
1.074406 -0.861151
1.242650 -1.320823
-1.708266 1.137603
0.849489 -0.333805
0.720961 1.518868
1.342327 0.574489
1.376806 0.487381
1.544725 0.772533
0.945549 -0.849055
1.674395 1.059235
0.973124 -1.141412
0.717573 -0.552455
0.712250 1.547499
1.306860 -1.564349
0.563878 0.716257
0.660481 1.461247
0.773785 -1.154335
0.992616 -0.836983
1.190026 0.592228
0.678793 1.347673
1.561324 1.043796
1.116103 0.944408
0.972792 0.927063
-1.708431 -1.119315
0.863047 0.786163
0.549979 1.425808
0.913760 1.197657
-1.095393 1.583164
1.671025 -1.118063
0.867126 1.389193
-1.678801 -0.855519
-1.287393 0.345888
0.999302 0.923734
-1.204152 0.306337
0.949917 -1.135492
0.931821 1.036891
0.963280 0.791424
1.171971 -1.232652
0.570483 -1.148047
0.573274 -0.609118
0.444743 -0.833769
1.300647 -0.672479
1.039986 0.552188
0.321952 -1.108561
0.605880 -0.788943
-0.651390 -0.573323
-0.344212 -0.827130
1.197864 -0.612020
0.942505 0.751828
1.173578 -0.711683
1.620749 1.085615
-1.079613 0.297364
-0.341300 -1.440586
-1.191550 0.275633
0.661323 -0.671256
0.795087 0.968178
0.644378 0.472878
0.767008 1.211652
0.975740 -1.173249
-0.415532 -1.543869
-1.207246 1.617638
-1.225388 1.599371
1.028408 -0.314053
0.637339 1.516979
-0.334045 -1.302996
1.139851 1.507233
1.080862 1.064560
1.290219 1.319255
-0.405013 -0.943794
0.509860 -1.201715
0.500040 -1.212214
0.741930 -1.115547
-1.179124 0.257028
1.025803 -1.022087
-0.887985 -0.208226
0.805120 -0.760761
0.746339 0.430137
1.263727 -1.131839
0.699599 1.212329
1.208311 -0.787505
0.526869 -1.124998
0.378696 -0.825720
-1.793265 -1.459883
-0.574201 -0.582024
1.028699 1.188692
1.358036 -0.982309
1.001562 1.666147
1.327261 -1.110552
-0.608010 -0.601320
0.648980 0.548883
1.223067 -0.695692
1.142948 -0.382414
1.470007 0.622471
-0.488277 -0.850554
1.161416 1.122610
0.761021 -1.538911
1.123502 1.036517
1.134427 0.632283
1.531590 1.434609
1.632023 0.952629
-1.703609 -1.275052
-1.723531 -1.286114
1.099747 1.579894
1.356288 -0.741694
-0.427256 -0.719661
-1.563816 0.749848
0.598855 -0.485735
1.086336 -1.048973
1.494874 -0.641167
0.404375 1.064133
0.611787 1.199870
-0.868693 -0.146694
-1.724278 -1.143016
1.071193 -1.669377
1.142892 0.424105
1.552918 0.622326
1.399174 -1.509563
1.280437 -0.875184
0.946654 0.314381
1.465012 -0.971017
0.472211 0.894223
1.267866 0.947565
0.682411 -1.373104
0.740047 -0.381768
1.085428 0.711708
0.376762 1.207184
1.106074 -1.661029
1.045048 -0.525855
1.500039 -0.695198
1.336277 -0.397710
0.677506 0.946688
-1.682849 -1.320340
0.845416 -1.497915
-1.705494 1.152205
1.343968 1.558876
0.793581 -0.794999
1.145390 1.628238
-0.939042 0.145643
1.566394 -0.743101
0.783025 0.436240
1.126002 -0.357015
-1.370516 -1.616955
0.472502 -1.145267
0.824957 -1.619649
0.699006 -1.367592
1.179726 -0.755742
1.391438 1.143123
-1.668577 -0.834469
0.610899 0.642836
-1.300801 -1.656953
-1.597409 -1.487627
1.297666 -1.519043
0.979502 1.361210
-1.686035 -0.877585
1.385943 -0.854259
0.422327 -0.942054
1.508308 -1.326962
0.378204 -0.939631
1.099908 -1.002780
0.618935 0.906134
-1.313241 1.536715
-1.869121 -1.319814
1.350074 -1.267306
-1.115665 0.051447
0.760014 0.616016
-1.362601 1.552305
1.003800 -0.856367
-0.956240 -0.120066
0.809308 1.022133
0.881255 -1.193132
1.238562 -0.535206
0.377589 1.118036
-1.693216 -1.296114
-0.512337 -1.587193
0.970391 -0.955110
-1.189958 0.236760
1.423552 -0.749788
1.054089 -1.302620
0.957543 -0.314293
0.563671 1.263852
0.850782 0.346061
-1.155321 0.251609
0.972744 1.245096
1.013335 1.297776
0.664099 0.939827
0.849680 0.933367
1.003676 1.194099
-0.453308 -1.441230
1.479615 0.949935
1.318016 -0.857574
-1.635885 0.741842
1.007695 -1.188282
1.181724 1.105540
-0.549133 -1.614542
1.075737 -0.419079
0.957984 0.366506
1.053432 1.328662
0.547007 1.141827
-0.736636 1.668062
-1.763020 -1.513267
-1.257459 0.345976
0.515901 -1.447860
-1.700904 -1.347721
-1.392380 1.536403
0.739900 -1.032758
1.401992 -0.779051
1.615071 -0.928243
0.532593 -1.259218
1.582358 1.051892
1.183277 1.078832
0.753035 0.675526
1.145351 -0.902997
0.311776 -0.873499
0.722840 -1.064174
-0.954544 0.126423
0.580255 -0.528449
0.623612 0.417047
-1.546346 -1.605399
1.463134 -1.374714
-0.507798 -0.514789
0.871647 -0.441882
-1.122104 1.684579
1.428944 -0.452194
0.735200 -0.986355
-0.372905 -1.027743
1.002431 -0.529616
-1.108246 1.640184
0.935213 0.506127
1.041208 -1.662490
0.742592 -0.771308
-1.542672 0.603452
-1.604706 -1.575727
-1.824268 -1.351797
0.680631 -1.379694
0.855912 1.201124
0.490346 -1.031996
1.294168 1.507476
1.561098 -0.861691
-1.769593 -1.121488
1.542092 0.872325
-1.681783 1.309273
-1.940914 -1.552353
1.365854 -1.585421
0.943775 -0.395781
0.736017 -1.323925
1.184865 -1.193634
0.635898 -1.477471
0.606709 0.707474
0.728860 0.554377
1.603435 1.145805
1.073452 -0.514048
0.781727 -0.971147
0.780144 0.401981
1.278363 1.224434
1.215976 -1.480295
0.734161 0.754196
-1.478617 -1.611389
1.348760 1.427669
-0.912972 0.109695
1.386009 -1.267845
0.920035 0.833992
0.787375 1.433105
1.325471 1.064230
0.758210 -0.610794
-0.417955 -0.762219
-1.364520 -0.420978
0.490951 1.052473
1.222661 -1.085695
1.268525 0.954140
0.837725 1.356015
0.596667 -1.253760
1.000993 -1.164575
0.662270 -1.061737
0.663757 -1.033386
1.154915 0.587965
0.410840 -1.136920
1.104786 -0.656795
1.182281 0.923144
-0.343278 1.213757
0.630759 -0.584780
1.344987 -0.902153
0.759469 -0.470478
1.012661 1.121060
0.972677 1.244980
-0.550107 -1.629361
-1.315039 1.612477
-1.694028 -1.178711
0.910043 1.278007
0.980976 1.578489
0.883962 0.543553
1.164476 0.418044
-1.569815 -1.625302
1.420632 1.234773
1.339614 -1.490819
0.683747 -0.765844
0.512470 0.987244
1.596839 -1.013641
1.221996 -1.481411
-1.055777 1.689443
-1.755493 -1.241404
-1.929646 -1.380300
1.374674 -1.232578
-1.716166 -1.270735
1.310951 0.554750
-0.407750 -0.978004
1.048817 0.585945
1.238387 1.629209
1.496465 0.768977
0.554951 -1.210842
0.977945 1.687567
0.985687 -0.622820
0.978773 -0.492080
0.509607 0.702026
0.706004 -0.979171
-1.459696 0.525671
0.644337 -1.325107
0.442321 1.373461
1.107489 0.801811
1.623724 1.229382
0.899938 0.906710
1.296244 0.953530
-1.938803 -1.537668
1.248455 -0.873717
0.793768 0.584651
0.736634 -1.006421
0.471882 1.198630
0.989808 -1.662362
0.905985 -0.711432
1.202748 -1.118658
0.447061 1.297534
0.854051 0.325030
-1.619610 -1.523065
0.971368 -1.098528
1.135066 1.210676
-0.468059 -1.533181
-1.745891 -1.609964
1.053345 -1.646438
0.994090 -1.667003
1.248249 -1.379215
1.225024 0.998767
0.485003 0.885338
-1.546507 -1.633253
-1.343924 -1.612522
1.313702 0.552709
1.187785 1.580147
1.122554 0.455242
0.740194 0.699682
0.847679 1.656856
0.986019 -0.645242
0.715924 0.873338
0.590043 1.460178
1.040526 -1.126026
0.991264 -0.307447
1.425654 1.018506
1.023987 -1.110476
0.359131 1.093040
0.891632 1.231039
1.169111 1.180175
1.314796 -1.495893
0.660858 -1.270080
0.693133 -1.414026
0.973610 -0.883334
0.621158 1.093334
1.228246 0.805552
0.692070 -1.134920
0.860716 1.077427
0.847586 1.499326
0.422664 -0.875645
-1.579734 0.787386
1.223714 -0.786537
0.877806 -1.118135
0.610251 -1.485450
0.593160 0.536955
1.345616 1.405336
0.594361 -0.768812
0.860632 -0.877052
1.031893 -1.159781
0.642617 0.961850
0.761907 1.019899
0.723275 -0.787545
0.942226 -1.204912
0.634846 -1.417726
0.398859 -0.762995
-0.567420 -0.463953
1.113941 -0.738967
-0.820799 -0.319790
1.390268 -1.550628
-0.685264 1.662865
0.515616 0.554587
1.637491 -1.215666
0.838076 -0.545914
0.952828 0.575063
1.189569 0.385205
0.710423 -1.243136
-1.047982 -0.176338
-1.950767 -1.422729
-0.276648 -1.618305
1.208834 0.615199
-1.061599 1.622545
0.761281 0.959338
0.667585 -1.584437
0.697340 0.774214
0.678423 -1.463406
1.607091 1.153398
0.469781 -1.007348
-1.570545 0.620900
0.688208 1.421243
-1.146375 0.278684
-0.328099 -1.023196
1.321232 1.509971
0.586336 1.222275
1.258953 0.612407
1.027858 -1.323227
1.467199 -0.951860
-0.615444 -1.622044
0.723624 -1.351115
0.384135 -0.797684
1.358524 0.562986
0.653822 0.566180
1.304699 -0.640771
-1.886895 -1.529889
1.296309 -1.048916
0.376183 1.033386
0.443601 0.994072
0.545366 1.007307
1.069450 -1.081862
1.133733 0.844845
-0.411652 -1.390299
1.405490 -1.088975
0.779557 1.036920
0.861147 1.186373
1.620691 -0.825533
0.712212 0.499658
0.687511 -1.234734
0.592718 -0.526824
1.165807 -1.638335
0.977248 1.433003
1.130693 -0.418221
1.368614 -0.503636
0.623294 1.167054
0.777423 -1.139045
1.165920 0.329012
1.157016 -0.554842
-0.339464 -1.101325
-1.054037 0.282838
-1.577827 0.619723
1.262472 -0.705330
1.571623 -1.206072
-1.134499 0.114509
-0.750349 -1.670942
-1.890944 -1.468580
1.525060 -1.214128
-1.825338 -1.382620
1.525533 -0.565137
1.440306 -1.064010
1.027800 -0.421305
0.680483 0.702838
-1.923870 -1.409220
1.361608 -1.404400
1.577798 -0.732286
-0.733687 0.284776
0.570864 1.184697
-1.265827 0.307879
-0.600358 0.432024
1.611143 -1.314593
1.622331 0.759131
0.383823 -0.692410
0.679653 -0.844610
0.873711 0.475042
1.359192 1.347159
-0.361661 -0.772077
1.059300 -0.744109
0.953859 -1.549883
-0.502911 -0.756431
-0.485279 0.574376
0.970616 1.528908
1.175435 -0.879419
1.064304 1.205551
0.756248 0.951829
0.356220 1.074131
0.848014 1.083913
1.054628 -0.474821
1.239115 -1.098861
-0.364301 -1.332553
-0.671148 0.353709
0.844996 -0.564998
0.690406 0.377001
0.945430 -0.787030
0.679574 1.134054
1.291765 0.614916
0.985396 -0.897611
0.603420 1.572853
1.215578 -0.944058
0.844046 0.730731
0.501544 1.019531
0.880478 -0.527939
0.871870 0.802695
-1.082221 -0.235718
0.840672 0.843462
1.421807 -1.212092
1.025800 -0.503899
0.498435 -1.302359
0.788512 1.277238
1.324265 0.420338
-1.572479 0.767980
1.642706 -0.883571
0.914133 1.553137
1.104783 1.315645
0.563204 -0.528208
1.338266 1.347918
1.289664 -1.250647
0.537278 -0.631362
1.405067 -0.458002
-0.807980 0.259041
