0.000666,-0.212858
0.119099,0.008105
0.075386,0.220642
-0.131273,0.063541
0.123975,-0.233097
0.084667,0.275316
-0.183664,0.225398
0.257693,-0.101065
-0.170995,-0.138879
0.006261,0.004606
0.002925,-0.174894
-0.094262,-0.192682
-0.281467,0.050500
-0.065967,-0.165471
-0.128158,-0.171901
0.240027,-0.011159
-0.282632,-0.029961
-0.004733,-0.016893
0.026525,-0.246105
0.091596,-0.061158
0.067132,0.282895
0.098964,-0.000005
0.190203,0.048647
0.284876,0.059089
0.183714,0.071169
0.234531,-0.151594
-0.119384,0.115334
0.057771,0.256641
0.206314,0.197420
-0.080384,0.046301
-0.197895,0.058724
-0.173588,-0.089706
-0.044971,-0.024429
-0.039752,0.154399
-0.153190,-0.087741
-0.041198,0.181232
-0.037227,-0.235215
0.047746,-0.153041
0.025209,0.166432
-0.003539,0.145208
-0.184775,0.202004
0.077737,0.092664
-0.234304,0.184978
0.208236,-0.121687
-0.012943,0.255616
0.052112,0.164996
0.011630,0.268740
0.070591,0.122747
0.117677,-0.046302
0.108197,-0.192769
0.117234,-0.182585
0.158174,-0.125923
-0.018171,0.281506
-0.226103,0.105254
-0.283984,-0.079225
0.182468,-0.201978
0.089034,0.007981
0.018658,0.013310
-0.150075,0.182567
-0.020910,0.029378
-0.106304,-0.152051
-0.177317,-0.095291
-0.044990,0.085645
-0.029929,-0.148380
0.054896,0.178282
0.184861,-0.213657
-0.033812,0.052478
0.159726,0.248667
-0.052845,-0.282723
0.183948,-0.055519
0.028276,0.270637
-0.027399,0.270323
0.121998,0.235347
-0.194670,0.138858
-0.196349,0.186390
0.049203,0.141753
-0.078382,0.243349
0.068695,0.124512
-0.181773,-0.023809
0.100016,-0.008326
0.024697,0.155895
0.029054,-0.279396
0.161843,-0.230993
0.026776,-0.077313
-0.279043,-0.027098
0.247833,-0.081584
-0.225264,-0.117806
0.155864,-0.064874
-0.096884,-0.210621
-0.173649,0.107799
0.016554,-0.071924
0.042989,0.182744
-0.160119,0.143474
0.150020,-0.181728
-0.012243,0.091924
-0.191929,-0.198390
0.287774,-0.055127
0.098729,-0.160387
-0.119240,-0.254455
0.240087,-0.006139
-0.549454,0.680812
-0.513964,0.535138
-0.792195,0.691029
-1.046030,0.686964
-0.813386,0.993219
-1.089562,1.068457
-0.542582,0.692960
-0.767574,0.911495
-1.091925,0.947323
-0.646455,0.779409
-0.871355,0.999560
-0.932301,0.742469
-0.591403,1.085937
-0.808877,0.971814
-1.018140,0.898858
-0.626965,0.532406
-0.520331,0.959071
-1.032456,0.787474
-1.049899,0.621514
-0.625562,0.836715
-1.085267,0.984876
-0.794827,1.072151
-1.022165,0.537599
-0.716355,0.585910
-0.615078,0.737190
-0.734681,0.613567
-0.963250,1.033018
-0.743964,0.545347
-0.581046,0.547159
-0.582839,0.500815
-0.653984,0.890196
-1.066780,0.925686
-0.850732,0.600764
-0.986840,0.799369
-0.877721,1.087598
-1.063916,0.737012
-0.627526,0.841257
-0.890838,1.050309
-0.721145,1.092807
-1.063780,0.763777
-0.870003,0.901538
-0.722656,0.866747
-0.765444,0.633380
-0.687906,0.753511
-0.919461,0.829255
-0.845675,0.526555
-0.980549,0.787546
-0.647759,0.868719
-0.711690,1.065401
-1.031913,0.510589
-0.547001,0.604171
-0.852400,0.925473
-0.654572,0.956762
-0.724218,0.724283
-0.650430,0.912002
-0.611940,0.579567
-0.886460,0.765404
-0.653686,1.048096
-0.701216,0.758407
-0.898393,1.079323
-0.512338,0.955933
-1.094122,0.607113
-0.956522,0.958119
-0.624168,1.031788
-0.676481,1.043919
-0.557623,0.876518
-1.051910,0.689977
-0.898009,0.993518
-1.053260,1.077773
-0.982199,0.996309
-0.710226,0.505861
-0.524124,0.503314
-0.828734,0.922189
-0.548589,0.570050
-1.019403,0.653018
-1.050627,0.568259
-1.091049,0.555251
-0.924628,0.652429
-0.586630,0.551204
-1.015783,0.836889
-0.504877,0.526594
-0.986593,0.543213
-0.883428,0.815398
-0.563269,0.763311
-0.806829,0.554533
-0.940380,0.582946
-1.039606,0.635496
-1.013740,0.831660
-0.542314,0.537671
-0.698290,0.538283
-0.909311,0.951083
-0.993459,0.699639
-0.593666,0.781913
-0.747932,0.919704
-0.766883,0.936285
-0.943407,0.828240
-0.637120,0.770000
-0.728547,0.579451
-0.514602,0.808184
-0.757237,0.778569
-0.737283,-0.597617
-0.738485,-0.676889
-1.062121,-0.652225
-0.945229,-0.504435
-0.614554,-0.543519
-1.066152,-1.023866
-0.692436,-0.959611
-0.824226,-0.786102
-0.677698,-1.072158
-0.966398,-0.944581
-0.635872,-0.809805
-0.616342,-0.772993
-0.539805,-0.844889
-0.693541,-0.554407
-0.536704,-0.950779
-0.875838,-0.773987
-1.048396,-0.514323
-0.950876,-1.010516
-0.666548,-0.796105
-1.014951,-0.781103
-0.839624,-0.981103
-0.704968,-1.032060
-0.840714,-1.029195
-0.718162,-1.018412
-1.001353,-0.584559
-0.862994,-0.537225
-0.894365,-0.979335
-0.810218,-0.934170
-0.724224,-1.003759
-0.988577,-0.760928
-0.854538,-0.764415
-1.034915,-0.802934
-0.778738,-0.885792
-0.713451,-0.945286
-0.581897,-0.628402
-0.626389,-0.921521
-0.509505,-0.831358
-0.853582,-0.850220
-0.760552,-1.071743
-0.768632,-0.661905
-0.556303,-0.531626
-0.699130,-0.950667
-1.010961,-1.009348
-0.784837,-0.635185
-0.913107,-0.673414
-0.896113,-0.667646
-0.937828,-0.831028
-0.970580,-0.616566
-0.616820,-0.584030
-1.061853,-0.698717
-0.712432,-0.588242
-0.520238,-0.721938
-0.919600,-0.873820
-1.072157,-0.580152
-0.845563,-0.740789
-0.742057,-0.901866
-0.772414,-0.941187
-0.752533,-0.683375
-0.850535,-1.037370
-0.818560,-0.663642
-0.610784,-0.614673
-0.831288,-1.048612
-0.945701,-0.701868
-0.565178,-1.062521
-0.785898,-0.527031
-0.661238,-0.998331
-0.615273,-0.681476
-0.620268,-1.034872
-1.055296,-0.592425
-0.515024,-0.800859
-0.833214,-0.757082
-0.602725,-0.505629
-0.598269,-0.855258
-0.689004,-0.948804
-0.792628,-1.007564
-0.512446,-0.903412
-0.522237,-0.843734
-0.852024,-0.967938
-1.045602,-0.917202
-0.930459,-0.731501
-0.944233,-1.091697
-0.629831,-1.059506
-0.673173,-0.750100
-0.994378,-0.628469
-0.842525,-1.009403
-0.929328,-0.575739
-0.666484,-1.032053
-0.581368,-0.764753
-0.787311,-0.770372
-0.613557,-1.079940
-0.677936,-0.626003
-0.883352,-0.700173
-0.969738,-0.635376
-0.568111,-0.915340
-1.052579,-0.998570
-0.546841,-0.896812
-0.990267,-0.676672
-0.856318,-0.563440
-0.926772,-0.750696
-0.691909,-0.669297
0.939901,-0.521237
0.854964,-0.826584
0.546710,-0.826404
0.508663,-0.740602
0.503225,-0.604894
0.879459,-0.674711
0.869103,-0.503893
0.725116,-0.600635
0.960730,-0.942995
0.584025,-0.591848
0.758435,-1.062816
0.611340,-0.731833
0.960512,-0.744978
0.804727,-1.066260
0.604326,-0.987182
0.964443,-0.555774
0.591581,-0.880593
0.717643,-0.961709
0.993004,-0.873694
0.997689,-0.603772
0.621412,-0.822852
0.821517,-0.609485
0.773255,-0.553367
0.889881,-0.966015
0.603638,-0.626094
0.542137,-0.737928
1.011090,-0.946523
0.630240,-0.728398
1.008499,-0.665033
0.905342,-1.087176
1.047786,-0.830215
1.057051,-1.060633
0.989193,-0.925306
0.677658,-0.717803
0.901000,-1.024653
0.778425,-0.577588
0.852495,-0.500058
0.912928,-1.074250
1.046575,-0.897192
0.659735,-1.049787
0.576714,-0.898128
0.912285,-0.512196
0.855349,-0.557475
0.859406,-0.836152
0.877492,-0.935252
0.776672,-0.774722
0.934533,-0.866277
0.864644,-0.776274
0.908416,-0.557698
0.605923,-0.890584
0.517650,-0.715653
0.631828,-0.729855
0.884289,-0.555244
0.895895,-0.769136
0.647564,-0.544370
0.881077,-0.875722
0.657503,-0.906638
0.712081,-0.587149
0.635887,-0.528513
0.676699,-0.586621
0.636235,-0.646629
0.738657,-0.529232
0.587094,-1.096699
0.794494,-0.604490
1.045603,-0.699584
0.604926,-0.536747
0.684764,-0.863246
0.833398,-0.530947
0.681509,-0.970707
0.799917,-0.770927
0.584924,-1.019005
1.053351,-0.857574
0.774357,-0.934568
0.655278,-0.689756
0.636919,-0.768023
0.823623,-0.826847
0.685348,-0.537721
0.743921,-0.827559
1.065580,-0.561586
0.667951,-0.588816
0.838830,-0.827123
0.974437,-0.576406
1.009630,-0.892165
0.992647,-1.008860
0.837128,-0.907436
0.920213,-0.677948
0.773559,-0.726437
0.564479,-0.552084
1.038995,-0.880244
0.858159,-1.024086
1.051733,-1.018218
0.849067,-0.962919
0.544062,-0.507013
0.909522,-1.090358
1.031402,-0.522527
1.020826,-0.829768
0.750350,-0.704737
0.693826,-0.940020
0.503098,-1.013527
0.751120,-0.759774
0.779037,0.571332
0.662278,1.052596
0.944896,0.726757
1.000511,0.883891
0.946513,0.758671
0.959804,0.898246
0.840453,0.708871
1.035327,0.884515
0.701858,0.844849
0.894157,0.633260
0.822322,0.814983
0.903492,1.072672
0.610246,1.097318
0.632653,0.613343
0.583790,0.883772
0.953569,0.862827
0.955105,0.515848
0.815423,0.800000
0.742605,0.715934
0.583891,0.589118
0.974605,1.043695
0.987364,0.715058
0.652566,0.922691
1.099573,0.854425
0.667540,0.893730
0.987685,0.989863
0.608713,0.791177
0.962535,0.718959
0.788494,1.095188
0.832302,0.872285
0.878960,0.685871
0.635112,0.734065
0.701719,0.950535
1.034065,0.944324
0.566469,0.517956
1.033442,1.041075
1.061652,0.920806
0.656133,0.614218
0.743497,0.655706
0.968643,0.911037
1.049436,0.856328
0.800900,0.558149
0.547504,0.663435
0.777108,0.835999
0.658623,0.509410
0.608283,1.037583
0.695281,0.743395
0.671648,0.897000
0.593930,0.605713
0.741324,0.660400
0.623670,0.674765
0.601474,0.585321
1.095571,0.757607
0.699540,0.739068
0.913314,0.568182
0.550105,0.862750
0.924510,0.851006
0.920899,0.972014
1.014441,0.598007
0.708013,0.573064
0.607417,0.816296
0.510647,0.802698
1.059692,0.682295
0.599698,0.553622
0.788009,0.841022
0.714022,0.911678
1.015787,0.815496
0.997000,1.011358
1.073103,0.596539
0.650426,0.886417
0.664722,0.700531
0.649167,1.089232
1.051537,1.070067
0.961246,0.965978
0.568074,0.569259
1.039042,0.675491
0.885555,1.049690
0.978189,0.845246
0.631985,1.077888
0.898868,0.919994
0.818909,0.512890
0.731672,0.734697
0.828386,0.628672
0.646055,0.801490
0.725211,0.796481
0.587907,0.889933
0.997012,0.737074
0.879165,0.948549
0.707140,0.740411
0.814527,0.775214
0.809669,0.753569
0.950706,0.595224
0.703259,0.828895
0.940470,0.835244
0.806783,0.739338
0.655238,0.525692
0.752228,0.886910
0.760389,1.080614
1.015582,0.906443
0.782104,0.640793
-0.656921,0.233368
0.769088,0.999786
-0.976386,0.032970
0.494948,-0.285918
0.834339,-0.456629
0.631464,-0.133431
0.388602,0.133816
0.183982,-0.933867
-0.769867,-0.347785
0.183614,0.252742
0.450010,0.701075
0.338382,-0.709229
-0.009224,-0.793656
-0.773848,-0.290616
0.561155,0.166499
0.178695,0.904235
-0.600133,-0.052217
0.904020,-0.576518
0.980754,0.398969
0.137564,0.815092
0.942340,-0.230973
-0.318339,0.330943
0.902843,0.865643
0.397076,-0.867024
-0.482142,-0.419310
0.385717,0.967868
-0.718235,-0.275901
-0.741361,0.272542
-0.069556,-0.515208
0.981925,-0.508401
0.651291,0.160621
-0.604166,-0.948842
-0.891596,-0.700146
-0.525360,-0.910843
0.698823,0.612204
0.904250,0.641163
-0.618769,-0.414089
-0.027894,-0.715926
-0.548447,-0.630818
-0.582950,-0.030589
-0.050128,0.802767
-0.062720,0.231637
-0.473134,0.195919
-0.495822,0.457310
0.680711,-0.513896
0.948909,0.332001
0.646724,-0.655257
0.383159,0.755128
-0.355403,0.857799
0.844286,-0.656580
0.470003,0.748535
0.984583,0.851234
-0.665554,-0.043311
-0.864692,-0.214001
0.325871,-0.447642
0.755411,-0.724258
-0.644875,-0.307310
0.507379,-0.118009
0.888609,-0.988442
-0.660700,0.569320
-0.502338,-0.711791
-0.098679,-0.855614
-0.367048,-0.715520
0.899514,0.277548
-0.857721,0.743800
0.620968,0.612282
0.492335,0.605552
0.463516,0.826781
-0.437759,0.598824
-0.387219,0.888111
-0.848819,-0.631809
-0.836146,-0.493694
0.060882,0.671233
0.388297,-0.050509
0.682791,0.727597
-0.481190,-0.819548
-0.984194,0.420131
-0.675162,-0.351242
0.704611,-0.775647
0.926306,0.846891
0.968153,0.547274
0.459173,0.460488
0.152826,-0.077312
0.287270,0.715067
-0.478488,0.900050
0.603178,-0.327307
-0.731758,0.767032
0.178999,0.329123
0.438265,-0.432704
-0.721386,0.121056
-0.705108,-0.202576
0.301508,-0.689302
-0.782444,0.626347
-0.040544,0.922167
0.850700,-0.114238
0.769058,0.818852
-0.566964,0.228230
0.279341,0.585862
-0.849082,-0.433390
0.300929,-0.327570
