0.502736,-1.625866
1.955427,-0.413753
0.388649,1.422474
0.889891,1.180976
0.781254,1.433250
-1.157188,-0.656902
-1.200331,0.620040
0.070788,-1.361114
-1.328566,0.691017
1.168927,1.245918
0.266376,1.339696
1.676061,-0.602371
1.200744,-1.270118
-1.445313,-1.070225
-0.464607,0.026651
1.306450,-1.961870
0.400785,1.261877
-0.375623,-1.210566
0.684350,-1.485733
1.970410,-0.534396
1.947517,-1.186779
0.808703,-1.252814
1.433261,-1.120509
-0.613928,-1.895305
1.570508,-1.445001
1.350613,-0.163117
1.894695,1.026674
1.234512,1.095439
1.756556,1.789199
-1.974787,-0.708051
-0.184150,1.331663
-0.669921,-1.783366
0.593540,0.954456
-0.993932,-0.722110
1.468723,-1.023522
0.743495,1.416240
-0.210301,-0.447803
-1.836574,-0.777039
0.431688,-0.450501
-0.672344,0.002196
0.104498,-1.321731
1.839079,-0.000807
1.704943,1.073591
-0.905368,1.461499
0.862790,-0.880154
-1.246552,-1.321361
-1.548491,0.083527
-1.104726,1.045049
-0.962018,-0.098658
-1.677060,-1.493295
0.877820,1.066434
1.922945,-1.332480
-1.381368,-1.913628
-0.109519,1.050320
-0.364130,1.218136
-0.947484,1.740369
1.896405,-1.108405
-0.260438,1.601348
1.965185,0.834194
1.062846,0.827975
1.954040,1.816294
1.506614,-1.594451
-0.100179,-1.598112
1.450598,0.937803
0.303230,1.773538
1.444508,-0.818949
0.839972,1.367453
-0.151429,1.458604
1.453825,1.739051
0.508924,-0.910305
0.957188,1.561439
-1.169936,0.853593
-1.546966,0.569626
0.454941,-1.581781
-0.596180,-0.482213
1.246194,-0.642141
-0.665918,0.752809
-0.236592,1.233902
1.154697,-0.785994
0.171705,-0.542073
-1.012456,-0.383787
0.638978,1.827516
-1.016334,-1.512451
1.286119,-1.562509
-1.773400,-0.204957
-0.472814,1.183788
-0.643517,0.357250
0.037381,-0.190483
-1.073125,-1.507678
0.227736,0.330695
0.010109,-0.526069
1.688554,1.344191
-1.773261,-0.548038
0.578093,1.381436
0.665968,-1.250202
-1.160636,1.653511
0.366011,1.478342
1.481027,1.349677
1.965891,0.767146
1.787167,-1.807508
-1.437811,-0.685647
1.376280,-0.081328
1.671603,-0.586339
1.728189,-1.401521
-0.094017,-0.044075
0.929174,1.916092
1.429856,0.617728
1.260283,1.656595
-1.930310,-0.161624
1.038031,0.735657
0.588174,1.877395
0.389169,-1.045815
1.355737,-0.129804
-1.696138,1.321628
-1.362658,-1.908971
1.514120,-0.800469
-0.594618,0.890400
1.118203,-0.923015
-1.695940,0.846392
-0.324536,0.210043
-1.197683,-1.395363
0.126136,-1.767827
1.222365,-0.613581
1.888767,1.292055
1.224795,0.926799
0.027712,-0.187031
0.804194,-1.583119
0.767154,0.159931
0.287077,1.071016
-0.518441,0.924418
1.162045,-1.004322
-1.876050,-1.432573
1.886078,1.242153
-0.355588,-1.809862
0.088545,1.319876
0.400182,0.890862
1.924513,-1.473683
1.123034,1.146878
-0.087264,1.011802
0.438933,-0.862469
-0.061399,-1.533355
0.950501,-1.257206
-1.116474,-0.282345
0.902725,1.170603
-1.211329,-1.615717
0.095021,1.950716
-0.620038,0.218971
-1.481857,-0.733960
-0.538876,0.162555
-0.543822,1.549669
-0.517569,1.856360
0.440531,-0.593055
-1.617323,-0.436435
-1.446177,0.295414
-1.424633,0.992756
1.432945,0.513968
1.459402,0.383446
1.256762,-1.657072
-1.898899,0.159486
1.513531,-1.110228
0.543770,-0.391448
-1.159511,1.923732
1.827523,-0.641368
-0.810229,-0.711353
1.521187,0.645950
-1.161685,-0.996382
0.502310,1.278846
0.410563,0.884987
-1.157589,0.964386
-0.819599,-0.582222
-0.042858,-1.386655
1.931745,-0.583457
0.996791,1.188507
-0.240529,1.097892
-0.652007,-0.726998
1.987665,1.891763
0.881554,-1.171847
1.815495,0.709077
0.186785,-0.994734
1.997723,-0.292028
1.651216,-1.163961
0.711590,0.153526
-1.885116,-0.877848
-0.961487,-1.042705
-1.913462,0.218913
0.375073,0.043680
0.832259,0.306818
1.460223,-0.170950
-0.504675,-0.780306
-1.073057,0.843319
0.492696,-1.085393
0.735082,-0.625750
-0.257239,0.550577
-1.916673,1.929546
1.555843,-1.918949
-0.362483,1.207059
-1.082911,-1.650893
-0.639415,-0.968027
-0.528740,0.399098
-0.010732,-0.442202
-1.381989,-1.635659
1.601478,1.450270
0.671159,1.061701
-0.720680,-1.833516
-1.718605,0.206263
1.009803,0.774092
1.120870,-0.255115
-1.851658,-1.136369
-1.704539,-1.768331
-1.206824,1.851304
-1.687280,0.430694
1.058364,-0.770191
0.779801,-1.581051
0.261782,-1.748939
0.818047,-1.748949
-0.191142,1.436058
-1.384608,-0.589664
0.886328,1.286551
-1.527963,-1.834352
1.453035,-1.246568
0.371911,0.462838
1.527524,-0.507219
-1.792278,1.675866
0.356411,-1.496816
1.907535,1.149588
-1.645512,-1.779745
-0.419719,1.412852
-0.549936,-1.639918
1.831800,1.711846
-1.388857,0.649847
1.962897,0.420001
0.085905,-1.421712
1.830337,-1.027767
1.864839,-1.697626
-0.862119,1.317874
-0.944194,1.509792
-0.219288,-1.416670
-0.997428,-0.011566
-1.740804,1.358984
0.491618,-1.833269
0.508572,0.846106
-1.613014,-1.911147
0.258958,-0.162950
-1.551065,0.090758
-0.451104,-0.939922
-1.259395,-0.488208
1.480079,0.826510
0.090081,1.310416
1.798743,-0.045080
1.612791,-1.063377
-0.727206,-1.331403
-1.553585,1.053506
-0.748073,-0.551013
-0.958059,-0.488877
-1.192029,1.533559
-0.322146,1.316543
0.379665,0.064840
1.405396,-1.361378
1.901889,1.854331
0.729381,-0.549215
-1.085591,1.469986
0.962577,-1.605512
0.296496,-0.947342
1.704905,0.095239
1.007577,1.317695
1.031862,-1.719628
1.986292,1.478277
1.333878,-0.761781
-1.072736,-1.624181
0.749342,-0.264765
1.909377,-1.572805
-0.948222,0.289042
0.492035,-1.542826
0.927664,0.393924
-1.688495,-0.342955
1.844709,-0.774086
-0.872969,0.807286
-0.379598,1.423527
1.859943,-0.674694
-0.481235,0.867520
-1.356998,-1.449373
1.147892,-1.370707
-1.971096,0.481770
-0.132488,-1.043832
0.857589,-1.383146
0.691403,0.766966
-0.955951,1.743181
-0.943992,1.536084
-1.799645,1.983672
-0.069992,-1.488140
-0.359283,-0.225283
-0.262227,0.767748
-1.417998,1.358175
0.191274,-1.558055
-1.316518,1.710040
1.309466,-0.673517
-1.739333,0.457358
-0.044223,-1.710429
-1.060872,1.823289
-0.754261,1.796716
-1.559857,1.937142
0.563682,-0.515808
1.680323,1.619690
-0.979724,1.880678
1.603361,0.950284
-1.607462,-0.755922
-1.275000,0.130311
-1.988174,-0.692998
-0.511513,0.203100
-0.251053,0.171968
-0.086860,-0.941587
1.498451,0.173807
1.515771,-0.545772
0.463378,-1.545101
-0.722483,1.709117
-1.748385,-0.282340
1.646259,0.815297
1.201851,1.326582
0.434987,-1.777873
1.207260,0.038348
1.172411,1.599798
1.282426,1.897411
-0.269891,1.294252
-0.795586,1.218596
-0.502647,0.953361
-0.609436,1.410493
-1.988226,-1.110985
-0.415700,1.527545
0.343243,-1.952322
1.982444,1.620760
1.756795,-1.765941
-0.661580,1.403054
1.049356,-1.459729
0.729636,-0.515658
-1.237602,-0.063104
1.522691,1.934809
-0.463306,0.805117
1.832221,1.266803
0.099369,-0.963366
0.485399,1.596722
1.989995,1.875963
1.007215,-1.998230
-1.235022,-1.408485
1.529315,1.108221
-1.360807,1.511758
0.728981,-1.604012
1.745817,-1.932599
1.799043,0.795172
-1.392328,0.528679
-1.720485,-0.629929
-1.534425,1.802206
-0.695120,0.002269
0.607323,-0.862899
-0.730927,-1.293308
0.173735,1.754472
-1.696586,0.163730
1.630434,1.310629
0.165500,-1.604588
1.902144,-0.305186
1.503633,-1.458663
-0.793428,0.232615
-1.062675,-1.047611
0.300016,-1.263632
1.747561,0.907689
1.265047,-1.972924
-1.722241,1.730622
1.829282,-0.417360
-0.267109,0.436604
0.719740,1.001964
1.143296,-1.106525
0.756435,1.446710
1.057206,0.386869
0.757339,-0.777295
0.782282,0.659483
0.917520,0.285915
1.200819,-1.875908
-1.481470,-1.861856
-0.923519,0.818546
-1.125488,-1.175957
-0.273765,-1.860441
-1.148881,0.003994
1.870180,-1.319599
1.586634,-0.396929
1.117005,0.306374
-1.394965,0.260302
1.199850,1.361470
-0.292988,0.257055
-0.251660,-1.535649
1.479761,-1.469379
1.123834,0.397280
0.816537,0.324653
0.521373,1.335067
0.462797,1.597854
0.153613,1.337309
-1.578103,1.879848
1.476868,-0.726984
-0.116158,1.347048
-0.046583,-0.529525
-1.049880,-0.929578
1.776850,-0.444846
1.330724,0.976699
-1.083375,-0.962264
-0.766246,0.664964
-0.497913,-1.286485
1.195586,-1.374080
1.110795,0.012122
0.950573,-0.367832
-0.652811,-0.586630
-0.769978,1.500802
-1.249321,-0.348082
1.380649,-1.772453
0.924934,-0.735509
1.574595,-1.121649
0.734966,-1.475285
-0.051227,0.511816
0.079869,-0.720504
-0.511485,0.996494
0.317232,0.722269
-0.338542,1.819319
1.435784,-1.142956
-1.554761,0.546579
0.869166,1.395812
-1.821253,-1.783645
-1.190818,-0.591232
1.717156,-0.440139
1.060687,1.097805
-0.212591,-0.014379
-1.637704,-0.637996
0.863971,1.097262
-0.113281,-1.187256
-0.390922,1.966588
0.092240,1.097593
0.963083,-1.590528
-0.180138,-1.375459
-1.771209,-0.744355
-0.518415,-1.325970
1.802224,-1.649249
-1.930158,1.980971
-1.432894,-1.120977
-0.610260,-1.715738
0.438885,-1.549574
1.382067,-1.773707
0.436047,1.744363
-0.411703,-0.699981
0.841625,1.475016
0.112763,-1.549297
1.441605,-1.794997
1.548296,0.404687
-1.385525,-0.631842
1.029228,-1.156734
0.623803,-1.489187
-0.482704,0.426027
-1.138436,-0.412862
0.406998,-0.571331
0.466161,1.796738
-0.287069,-1.094954
-1.752836,-0.905001
-0.868661,0.683211
-1.160638,0.719636
1.983230,1.680987
0.194653,0.095993
-1.868309,-0.363743
0.300996,1.679987
-1.959055,0.915471
-0.951856,1.070173
1.758738,1.671947
1.580986,-0.723966
0.097974,-1.557450
0.863172,-1.495028
-0.128781,-0.670667
-1.698290,1.584151
0.234379,-1.451126
-1.320851,1.365718
1.232085,-0.481489
0.085354,1.215315
-0.800502,-1.719993
-0.688692,-0.668811
-0.083736,1.612303
-0.988825,-0.042791
0.527774,0.059320
-0.972618,0.286512
-0.268733,-1.391632
1.562546,1.829241
-0.949083,0.425717
-1.665787,0.922137
1.755050,-1.364077
0.506287,-0.010571
-0.815203,1.185436
-0.644854,-1.583118
-1.296053,1.440500
1.632197,-0.096554
1.720507,-1.056495
1.234635,-0.363229
-1.444192,-1.754190
1.593980,1.083583
0.305130,-1.378638
-0.629905,-1.963604
-0.770271,-1.067360
1.865637,0.280647
1.358358,-1.800150
-0.797217,1.113408
-1.164228,1.709071
-0.897164,0.020569
0.894507,0.457982
0.437451,1.598454
-0.101517,0.069649
-0.498100,-0.381010
1.013154,-1.263465
1.255761,1.568962
-1.017655,0.849741
0.652545,1.287475
1.471103,-1.977360
1.323871,-1.299167
-1.044720,1.189508
0.981479,-1.686362
1.389357,-1.815738
1.427045,-1.774870
1.893333,-1.470119
0.245699,0.787840
0.987863,-1.316849
0.386294,-1.113654
0.752799,1.888194
0.505336,-0.234047
-1.375271,-0.238903
-0.665085,-0.392926
-1.389161,1.987460
-1.105451,-1.918058
-1.989900,-1.781580
-1.217225,-1.034620
1.407928,1.764254
-0.720983,0.797285
1.948516,-1.293938
1.022415,1.841849
-0.764056,-0.731886
0.629689,-1.776193
-0.048735,-0.984017
-0.889847,-1.295936
-1.095822,1.615489
0.470017,-0.471093
-0.623413,1.804933
1.135981,-0.012574
1.792393,-1.969470
0.069368,1.802493
-1.751050,0.852142
-1.232127,1.656877
0.616396,0.046890
0.454162,0.564912
0.752953,-0.523423
0.406761,1.988896
0.744691,-0.963550
-1.787297,-1.304044
0.052433,-0.677144
-0.599980,0.956611
-1.061655,1.870037
-1.514482,0.314932
1.674970,1.621499
-1.697642,1.467363
1.652028,0.371725
1.269856,1.900978
-0.776132,-1.962271
1.557855,1.840264
0.084619,0.012017
0.405176,-1.162428
1.488594,-1.188063
-1.173532,0.233285
-0.151613,-0.960829
0.929241,1.900821
0.362027,-1.670739
0.857431,1.300373
-1.800702,1.342949
-0.384695,1.874268
0.964448,-0.082338
1.341631,0.616476
-1.710613,0.611488
0.517454,-0.486745
0.649217,0.075309
-0.646481,-1.266164
-1.912674,1.758695
-0.428592,1.575920
-1.429368,0.397876
-0.190794,0.419019
1.437047,-1.261554
0.319840,-0.200926
-0.932293,-0.822729
-0.900553,-0.732995
-1.479780,0.714752
-0.858727,1.484668
-1.367586,-1.517096
0.101144,-1.078199
1.094392,-1.381402
0.435057,-0.256391
0.693907,1.788575
0.477445,0.781233
1.547270,-1.951146
0.357153,-1.882098
0.446730,-1.833641
0.536922,-0.116223
-1.095195,-1.143238
1.682852,-0.027488
0.034033,-1.217701
1.239517,0.554253
1.497050,-1.619210
0.038921,-1.870536
-1.136305,-1.859936
-0.948734,1.958087
-1.241338,1.486322
-0.298304,1.452569
1.274898,-1.820859
0.233802,0.822168
-1.772005,-1.409045
0.940070,0.674725
-1.242686,-0.523008
-1.441498,-0.337880
0.333753,-1.758647
1.634632,-1.632214
-0.976348,0.874149
0.922039,-1.479298
1.254940,-1.039040
-1.349834,-1.881366
-0.898976,-0.298568
-1.923279,-0.140314
-0.812246,-0.221583
-0.687745,-1.537348
-0.042441,1.546057
1.284820,0.185553
-1.862988,0.224890
-1.139722,-1.105674
1.701881,-0.581220
0.556446,0.035634
-0.339867,0.191078
0.403420,0.683785
-0.934773,-0.674541
1.204487,-1.679833
0.286419,1.854653
-1.561199,1.387443
-0.443914,-1.484478
-0.752870,0.743840
0.293939,0.559385
1.206492,-1.748502
0.105442,0.491312
0.437051,0.242453
-1.283799,1.297329
1.136780,-1.581918
-1.283891,-0.306775
0.453717,0.376242
1.884303,-1.142863
-0.939973,-1.050470
0.182596,-1.735486
-0.730304,-1.530985
-1.880833,-0.291503
1.856458,-0.324747
0.224019,-0.896412
-1.580907,-1.482041
1.662973,1.625585
-1.230543,-0.231586
0.116896,1.206508
-1.989132,0.833097
0.503838,1.147647
1.251180,1.219947
-1.159128,-0.295103
-0.403811,-1.274825
0.562034,0.656216
-0.325295,-1.255370
0.920730,0.944401
-0.786355,1.039898
-1.347102,-0.929897
-1.284849,0.876918
0.173691,-0.865757
1.394876,-0.163336
-1.240172,-1.835667
1.605078,0.876724
1.370841,1.615946
-0.290178,-0.125321
0.763594,-1.038998
-0.905374,1.604466
0.665898,0.690815
-1.670359,-0.772068
-0.652969,0.004346
-0.027438,-1.732239
-1.051253,1.186206
1.307659,-0.398355
-1.743690,-1.977190
-1.521437,0.430001
-0.842947,1.873439
-1.733335,-0.083119
-1.962228,1.871744
-1.206395,1.408613
1.487690,0.503427
-0.716708,0.251283
1.464428,0.377918
-0.144250,0.130327
-0.931268,0.185391
1.358258,0.415763
-1.810263,-0.669180
0.683525,-0.861516
-1.482974,-0.008816
0.740129,-1.226664
0.013993,1.218691
1.203337,1.171046
1.092130,1.470002
-0.912073,1.129902
1.341745,-0.118468
0.538516,0.829435
-1.615041,1.821808
-0.919281,1.849388
0.199725,0.936468
-0.020286,1.268458
-0.878141,-0.662028
-0.315779,-0.688404
0.668792,-1.632254
0.450080,1.185818
0.358929,-0.809791
1.959154,-1.627077
-1.591100,1.162491
1.543969,1.501030
0.632493,-1.368104
0.630933,-0.025761
0.513428,-0.830552
-1.196326,0.898388
-1.008744,-0.115607
0.747775,1.190981
-1.179139,-1.272511
0.459438,-0.057280
0.065461,-1.856341
1.254316,-1.265746
-1.488595,-0.295604
1.920072,0.870334
0.894605,1.879227
1.243257,1.303505
1.041718,0.787226
0.804535,-0.325789
1.419122,-0.564533
1.648450,-0.067450
0.604916,-1.547876
-1.169062,1.596171
0.336517,1.578713
0.787152,1.157378
-1.693798,-0.753410
-0.899902,0.371663
-0.609751,-1.645585
1.105917,-0.098346
0.058811,1.025989
-1.228012,-1.046584
0.905216,-1.984755
-1.743080,-0.053066
0.802471,1.061455
1.621145,0.221593
-1.503077,1.269595
-1.845857,1.101838
1.721719,-1.014919
0.698009,0.058236
-1.436207,-0.514839
-0.784386,-1.130005
0.731751,0.315712
1.241659,-1.878000
0.670127,0.347576
0.023654,-1.271062
-0.626435,0.795643
-0.317647,-1.721219
0.810888,-0.060726
0.225715,-0.386641
-0.999271,-0.153140
1.834951,-0.502348
-0.883545,1.989094
-1.400510,-1.161826
-1.025826,1.297499
0.896410,-0.462032
-1.217340,-1.887976
0.407963,1.514411
0.427736,-0.350378
1.636412,-0.902138
1.997198,-0.339934
-0.173200,-0.629237
-1.544291,1.509153
-0.350456,1.266596
-0.551573,1.875259
-1.120045,0.449156
-0.277881,-1.285094
1.946807,0.838574
-1.296000,-1.453703
1.676748,-0.321826
1.843796,0.573158
1.216142,-1.373544
0.685182,-0.375895
-1.859132,-0.887082
1.273727,1.777279
0.210780,1.270924
-0.562655,-1.962420
-1.358313,-0.106946
1.546733,0.291231
-0.840350,-1.004840
0.166489,0.039605
1.444316,1.888608
0.754511,1.391123
0.727182,1.458510
1.937420,0.403931
-0.863315,1.781217
-1.022911,-1.647173
-1.592327,1.662271
-0.023068,-1.451459
-1.224811,-0.749342
-1.674180,0.985969
-1.478417,-0.236835
1.023549,-0.836730
1.656219,0.570282
1.454500,-1.184131
1.565443,-0.379010
0.855474,1.009758
-0.490402,-0.390015
0.400882,-1.763220
-0.931505,0.338302
0.640711,0.205180
0.119519,1.617800
0.558007,0.527192
1.280071,-1.465062
1.075732,-1.944740
-0.214404,1.401552
1.041229,0.307179
-0.835282,0.064778
1.470449,-1.179063
-1.364940,0.924949
-0.363194,-1.799497
-1.454061,-1.507720
1.210261,0.055537
0.102265,-0.388857
0.292317,1.170760
1.949445,-1.066972
-0.624060,0.068963
-1.449172,1.933947
-1.403845,1.830899
-1.531115,1.671887
1.886159,0.254481
1.073439,0.927387
-1.438340,-1.761843
-1.007835,-1.967891
-0.940906,-0.372775
0.957058,0.695899
-0.172272,1.502996
1.188179,-0.962011
-0.441467,-0.709556
0.649132,1.850850
-1.538796,0.598577
-1.216122,-0.162856
-1.332460,-0.665294
-0.228909,-0.736305
-0.834395,0.239976
-1.064418,-0.948236
-1.505543,-1.990979
1.979151,-0.943882
-1.752822,-1.028684
-0.911773,-0.693728
0.598542,-1.954715
-1.997829,-1.573730
1.548281,1.190350
-0.535741,-0.893186
-1.519205,-1.886609
-1.042336,-1.058001
0.711968,-0.258458
0.779144,1.379508
1.076248,-1.449765
-1.356797,-1.758147
0.790211,-0.421215
-0.706384,1.284668
-0.412194,-0.727233
-1.659214,-0.165016
0.244084,-0.570987
1.141256,-1.157375
-0.525703,1.143427
-0.731105,-0.977422
0.333777,0.733154
0.129392,0.814572
0.846545,1.087056
1.756571,-0.441487
-1.171402,0.535715
-1.061979,1.904846
1.085949,-0.418776
-1.853301,-0.123840
1.160009,-0.559685
-0.839172,-1.252185
0.713083,-0.498386
0.582799,-1.042834
0.930627,-0.275945
-0.200209,-1.595075
-1.132519,1.068687
-0.572497,1.201259
-0.198159,1.556896
0.015831,-1.351614
0.643952,-0.227598
0.206899,1.472550
-1.691884,1.144920
1.377397,1.394066
-1.273856,1.524096
-0.729774,1.886153
-1.035589,0.431054
-1.366033,1.677494
1.932669,1.216766
-1.365340,0.863296
-1.059179,0.434451
1.268220,-0.191698
-0.496862,-1.304277
-0.990439,1.304979
-1.747381,1.025392
1.953365,0.896571
-1.202207,0.160264
0.369122,-0.894090
-0.694816,-0.253482
-1.500024,0.031329
-0.729386,-0.229798
-0.082519,0.235025
-1.798744,0.551449
-0.087481,-1.866076
-0.231785,0.547179
0.997220,0.709035
-1.018370,0.265440
-1.482663,0.484768
0.961164,-0.473102
-0.210254,1.213783
-1.447710,-0.256889
0.110354,-0.649917
1.903375,-1.520525
0.455993,-0.791441
0.225994,0.955969
1.239888,1.496608
-1.273830,-0.842631
-0.268367,-1.072574
1.708818,1.644152
-0.938649,-0.522968
0.191330,-1.941430
-1.813932,1.172960
0.324011,-1.296595
-0.342272,-0.714826
0.230304,1.447474
-1.501043,0.782594
-0.809415,0.609311
-1.867323,-0.906040
1.088786,0.588670
0.302519,-0.685220
-0.455361,-0.457594
-1.188612,0.270809
0.699775,0.543021
1.198236,0.408593
0.187173,-1.740414
1.885625,-1.621497
-1.681843,-1.928307
1.551463,0.642167
-1.224901,-0.790809
1.927342,1.005402
-1.343335,-1.573701
-0.212004,-0.152750
1.035610,-0.079327
0.941209,0.124397
-1.490657,-0.756272
1.439177,0.053982
0.786134,-1.749435
-1.675209,-0.514091
0.793586,1.523027
1.894502,-1.019242
1.782613,1.780127
-0.640739,-1.899230
1.851821,-1.089276
0.742937,-1.373081
0.119915,0.670279
1.632322,0.776579
1.096578,-0.579682
-1.376171,0.132189
1.340991,1.565038
-1.743415,1.850334
-1.191234,1.695762
-0.095684,1.594900
1.946327,0.229107
-0.919191,0.739913
-0.247866,-1.024689
1.720671,-0.465253
-1.244561,-0.920068
-0.364483,-1.392741
-0.009344,-1.621546
-0.765821,-1.889429
1.048734,-1.133499
0.887150,0.145312
0.286819,1.510979
-1.722499,-0.372190
1.076016,-1.465914
-0.521857,1.884782
-1.770152,1.382459
1.479682,-1.823824
-0.388434,-1.439509
0.916089,1.363699
-0.464198,0.636760
-1.101553,0.291241
1.716693,0.533963
0.898501,-0.292651
0.912418,-1.867321
-0.182080,-0.038848
-1.000820,-1.294930
-1.893536,1.285999
-1.783951,-1.616036
-1.086192,1.292065
-1.081949,0.391952
1.176847,-0.852101
-0.225590,0.656529
-0.675925,1.385976
1.217020,-1.759837
0.749676,-1.247177
0.876924,1.648122
1.044064,0.593616
0.182086,-0.057436
-1.699035,-0.905497
0.075244,0.118885
1.055655,1.074424
0.823955,1.162119
0.360423,1.040004
1.546083,1.274231
0.332069,-1.535866
-0.333817,-0.491084
-0.387967,1.440593
-1.834555,0.936107
0.826569,1.382466
1.176271,-0.423755
-1.864712,0.053194
-0.775633,1.179352
-1.353189,1.406453
-0.878084,-1.052224
-1.499044,1.197160
1.066661,1.556611
0.271584,-0.109384
0.718729,-1.367993
-1.069380,0.264812
1.906238,1.262689
0.728946,-0.427579
-1.228395,-1.659021
-0.986986,-1.062949
1.277086,1.839583
-1.680484,0.453357
-0.584172,-1.545195
-1.493449,0.640195
1.634157,-0.846638
0.046648,-1.243927
0.101138,0.547604
1.953233,-0.832201
0.104215,0.224817
1.058415,-1.177056
0.856823,1.989035
1.087757,0.763061
1.251724,-0.183297
-1.664518,-1.976671
0.157681,-0.651505
-1.039620,-0.565233
-0.811922,-0.720104
1.888124,0.603907
-0.265299,-1.605324
-0.755898,-0.631143
-0.451962,1.290749
0.124930,1.649176
-0.161647,0.078163
-1.183025,1.942567
-1.697021,1.875390
-1.234488,1.159803
1.864426,1.853268
-0.077136,1.116150
-0.330029,0.258345
1.139480,1.827652
1.606840,-1.900140
-0.737581,-1.205081
-0.620244,-0.849456
1.398825,1.114457
-0.454780,-1.357073
-1.516686,1.093257
1.933676,0.608244
0.742433,-0.227971
-1.313593,1.559408
-0.285404,-1.010614
1.434799,0.480108
-1.850811,1.299224
0.333376,0.072052
0.415374,-1.996653
-1.669603,-0.445146
1.830999,1.937238
-0.345286,-0.906582
-1.267843,1.034469
0.243962,-1.869018
0.148926,1.789182
-1.226091,0.632240
0.882439,-1.292415
-0.759516,-0.375127
0.479614,-0.073109
-0.815719,-1.805790
0.916277,-1.380921
0.674318,1.065466
1.918304,-0.992306
-0.862482,0.333678
-0.988959,-0.532085
1.888532,-1.157960
-0.594847,-0.456754
-0.064542,0.137310
-1.422285,-1.820580
0.268291,0.726641
1.968602,1.042200
-0.641119,0.851041
1.749785,0.599365
-1.524086,0.229399
-1.473745,-0.339805
0.423609,1.442532
0.279274,-0.902072
0.507998,0.197578
0.105622,1.645516
-1.468744,1.116663
-0.886569,-1.580212
1.958703,0.518584
-0.036966,-0.105839
-1.344107,0.540749
0.073582,0.924185
-0.732609,0.042184
-0.033615,0.626272
-1.106775,-0.283830
-0.774364,-0.630861
1.945569,-0.248108
1.029334,0.369178
-0.805576,-0.691392
1.467106,1.702422
1.506186,-0.427272
1.347937,-1.962557
-1.310610,-1.538632
-1.542769,-1.351907
0.979952,0.420265
0.542255,1.635845
-1.038985,-1.384164
0.560030,0.228405
0.658020,-1.473585
-1.145323,1.551245
0.242585,0.080313
-1.079615,0.188154
1.832205,1.949719
-1.442668,-0.973371
-0.741673,-1.975562
-1.270949,-1.235486
-0.402835,-1.923012
-1.198044,0.286556
-1.461644,-0.740813
0.934649,1.518308
1.679452,-0.523096
1.154153,-1.359533
0.092740,-0.285817
0.868872,-1.249240
0.240598,1.723549
-1.697995,-1.516817
-0.196138,-0.777610
0.671337,-0.363933
-0.827891,1.228669
0.662697,0.430436
1.253107,1.391747
1.194950,-1.149728
1.468735,1.996906
1.136827,-1.992909
-0.743907,0.071476
1.525399,-1.064455
1.548380,0.679552
-0.423988,-0.358880
-1.606265,-1.555116
0.391880,0.634334
-1.831567,0.693885
1.117517,-0.027705
1.916275,-0.211146
1.608363,-0.911616
-0.982477,0.271059
1.518820,-1.729370
-0.337194,0.713770
-0.879099,-0.868458
0.710676,-1.742271
-0.861368,1.966769
0.329205,-1.335969
-1.097685,-0.122415
1.343583,0.478327
1.518705,1.737319
0.923211,-0.089415
0.371652,1.091643
-1.395530,-0.510831
-0.936061,-1.479255
1.278023,-1.327699
-0.390871,-1.704454
0.943361,-0.872050
-1.433825,-1.393833
1.841720,-0.312924
-0.262292,0.552396
-0.055195,0.876341
0.519165,-1.725990
1.540372,1.421480
0.151595,0.883956
-0.100194,-0.329701
0.621274,-1.176983
1.580884,-1.007074
1.914660,-1.814646
0.482095,-1.021401
-1.293901,-0.239882
-0.349100,0.315228
0.055663,-1.405739
1.443177,0.621838
-0.799572,1.284897
-1.691085,0.938136
-0.162707,0.253720
-0.185523,-1.643542
0.527730,-0.645150
1.777938,-1.320676
-1.761195,-0.322256
0.349624,0.860079
0.500761,-0.069492
1.853005,0.415422
0.115861,0.335100
1.394021,0.821960
-1.904782,-0.955079
-0.862812,0.150881
-0.360818,-1.419635
-1.227280,0.839610
1.865263,-0.918365
-0.222254,-0.297444
1.335354,1.592224
0.059014,-0.136916
-1.052927,-0.163048
0.542408,-0.814122
1.514696,-1.107968
-1.954043,0.015458
0.822539,1.898963
-1.569120,-1.061599
0.234063,1.824901
1.760361,0.329281
-1.130178,-1.102451
-1.519838,0.509004
-0.522086,-0.747118
-0.651386,-0.656823
0.334517,1.126360
1.045733,-0.330129
0.718584,-0.895253
1.532955,1.665657
0.941699,0.075363
-1.148465,0.456395
0.967395,-1.102507
-1.528147,-0.210066
-1.203545,-1.097267
0.728335,1.030518
-1.272367,0.488696
-0.640201,-0.402545
1.386245,-0.160039
-1.893541,-1.135841
1.092843,-0.544927
0.207336,-0.572640
-1.418566,-0.746931
1.097231,1.300018
0.357816,0.630186
0.965675,-0.700486
-1.294451,1.817210
1.755910,1.672944
-1.285297,-1.772237
-0.537122,-0.488842
-0.869505,-1.808786
-1.458323,-0.141871
0.679910,-0.098524
1.455584,0.066155
1.741437,1.562043
0.930314,0.834280
-0.982883,-0.862349
-1.738360,-0.401450
0.390720,1.358871
-1.101432,-1.251464
-0.010942,1.864242
0.048050,0.694607
1.681453,-0.196040
0.367551,-1.603844
0.031722,1.830429
-0.092686,1.162218
-1.978357,0.448991
-0.979653,0.701552
-1.649534,-1.524069
-1.232293,-1.908097
-1.962026,1.698021
0.926184,-0.944910
-1.164328,1.187824
0.653641,1.226392
0.546696,1.552208
1.974928,-1.464247
1.416451,0.022978
1.230360,1.097903
1.826937,-0.402089
1.494059,-0.141340
-0.571660,-0.598627
-0.979122,-0.550017
1.850363,0.041224
-1.848465,-1.799171
0.517155,-1.080758
-1.707267,0.555129
-1.382736,1.218916
1.610219,-0.547064
0.406740,0.263860
-1.320672,-1.046564
-0.183932,-1.345745
-0.510811,-0.767481
0.677233,-1.280451
-1.669578,0.504171
0.317460,1.824480
-1.637170,1.745799
-0.774147,-0.616292
-0.804218,-0.923784
1.424932,-0.652683
-0.722955,-0.057913
0.266559,-0.430222
-1.502784,0.883823
-1.211306,-1.892564
-1.663241,1.195434
0.371296,-0.983913
-1.851130,-1.812636
-0.329658,-0.361941
-0.580118,-1.652425
0.357608,-0.249696
0.851746,-1.324932
-0.425216,1.214576
-1.579133,0.800637
-1.401715,-0.383351
1.876853,-1.976783
0.963966,-0.846102
-0.034696,-0.769474
0.723675,0.462521
-1.885651,1.512369
0.569957,-1.548892
0.707804,-1.058748
-0.532805,0.856674
-0.871384,1.137537
-1.505267,0.548498
1.485112,0.852342
-1.701198,0.336858
1.527410,-0.126414
-0.448566,1.948277
-1.325777,0.149719
-0.435074,-1.448924
0.172936,-1.471107
-0.295026,-1.861760
-0.240582,-1.571351
0.600761,-0.126233
1.941018,-0.829282
0.324875,0.648822
0.111970,1.792070
-0.494504,1.240586
0.929606,0.000229
-0.210915,0.414718
-1.147430,0.087887
-1.248424,-1.620020
1.961473,0.303011
-1.671743,-1.364303
-1.547271,-0.106817
-0.813227,0.625665
0.422076,0.891746
0.763905,-1.818505
1.320395,-0.635334
0.055262,1.261414
0.535384,-1.619863
-0.089765,-1.352646
-1.827794,1.415731
1.887941,1.101813
-0.584040,-0.322975
-0.483469,0.268530
1.764912,0.268107
0.648510,1.726386
-1.428882,0.976767
-1.637917,-0.976153
-1.130049,-0.451145
1.649512,1.292027
-1.559398,0.413417
1.473522,1.760997
1.778084,-0.471217
1.022411,0.313468
-0.091080,-1.067354
0.960822,0.081126
-1.651623,0.848763
-0.817061,-0.235663
-1.474212,0.699470
-1.967133,-1.709299
-1.032423,0.681377
-1.982914,-0.461305
-0.341855,-1.620831
0.562542,0.528096
-0.071976,0.212054
-0.179877,0.368626
-1.374528,-0.706356
0.129624,-1.596445
0.822428,-0.847965
0.717023,-1.268652
0.084681,-0.322155
0.812474,0.433058
-1.473392,1.995413
-1.802605,-0.947603
0.694883,-1.769738
-0.656903,1.662460
0.911639,-0.639817
-0.798844,-1.430216
-0.260648,1.763698
1.097879,1.667377
-0.024248,-1.081998
0.036003,0.601224
0.211647,-1.834374
1.004779,-0.965926
-0.682339,-0.278198
-0.234578,1.402342
1.399648,-1.422104
-0.164600,1.926256
-1.426691,0.032795
-1.021348,1.268193
0.263057,0.321749
0.930653,-0.825304
1.681933,-1.868191
-0.255521,-0.578715
1.895506,-1.157641
-0.911338,-0.128742
-0.239639,1.124665
-1.527518,1.972008
1.290291,1.477261
-0.993918,-1.392048
-0.800937,0.771504
-1.989706,-1.401290
1.349400,-0.154306
-1.475034,1.922710
1.878489,-0.496381
1.190903,0.141546
1.825368,0.121556
1.316242,1.507301
0.253364,-0.939279
-1.071414,0.148870
-0.096920,0.017248
-1.979871,1.663441
-0.858088,-1.507390
1.635449,-1.567797
1.969871,-1.358469
-0.959844,-0.831066
1.413035,-0.949550
-0.232356,0.762436
0.896144,0.292610
0.685146,0.774633
1.796229,-0.123952
-1.083821,1.621596
1.997604,-1.767580
1.128897,0.250968
-0.706859,-1.942517
-1.600162,1.196221
0.074731,-1.580033
0.859663,1.216643
-1.087423,0.495111
1.648846,-1.117552
1.136642,-1.310998
0.051382,0.549678
-0.260548,1.819026
-0.687887,-1.364404
0.111636,1.997259
1.410229,-0.092135
-0.126693,-1.673592
-0.470539,-0.129090
-1.441171,-1.341642
-1.878122,-0.148030
-1.284159,-1.478283
-0.951808,0.790572
-1.058317,1.907854
0.007215,-0.145739
0.402965,-0.343938
0.736709,-0.460392
0.345064,-1.211909
-1.910715,-1.915484
-1.392883,-0.598601
-1.279888,0.718754
-0.601343,-1.869659
-1.373382,1.271964
-1.543251,0.156079
-0.857125,-0.984422
0.814438,-0.735247
0.867548,1.530279
-0.213531,1.915739
0.320851,0.728153
1.823593,-1.671934
-1.417586,0.226559
-0.015872,1.319123
1.766167,-1.670809
-1.892786,1.855452
-1.586293,-1.285668
-0.743149,-0.866182
1.433085,0.655508
-0.735841,-1.940296
-0.072528,-0.279092
0.215783,1.070347
0.736486,-0.969779
-1.664901,-0.395967
-1.439500,0.121569
-0.480228,0.881351
-1.150279,-0.656634
1.209417,-0.567865
1.569924,-0.806455
-1.248742,1.336091
-0.477264,-1.141528
1.191543,-0.063557
-0.427196,-1.551606
1.070262,-0.994111
1.103902,-1.665579
-0.934407,-0.968626
0.055329,1.281376
-1.898279,-1.208185
-1.688404,-1.563180
0.395848,-1.127904
0.558389,1.915620
1.753447,1.408110
-0.741014,0.962864
-1.159755,-1.171090
-1.843591,-0.408497
-1.834999,-0.320855
0.449975,1.356544
1.615589,-1.977221
1.804938,0.685850
-0.971332,0.908840
1.020271,0.094261
1.940214,-0.924400
-0.624363,-1.958065
-0.132585,-0.312767
-1.521245,-1.736737
0.559329,1.037144
-1.821117,0.312776
0.445254,-0.562131
-0.724360,1.285499
0.266779,-0.567951
-1.122998,0.431780
1.111194,1.326978
-0.211675,0.726783
1.349757,-0.406737
-0.587367,-1.621575
-1.497898,-1.567095
0.472687,-1.557684
-0.491495,1.848324
-1.515749,1.375919
-0.464443,-1.036994
1.639182,-1.905114
-1.999850,1.818065
0.407663,0.445404
-0.744067,1.683303
-0.269097,1.522712
-0.884648,0.607905
-0.045507,-1.773454
-0.065117,1.742817
0.953329,-0.715360
-0.663920,-1.634038
-0.336935,-0.161818
-1.201133,-1.864248
0.280499,0.307371
1.984075,0.764750
-0.316709,-0.480368
1.727756,-0.677527
-0.385481,1.727905
-0.859463,-1.977819
0.173309,0.396471
1.705484,1.904212
-0.080817,-1.179165
0.512117,1.873676
-0.952619,-1.553000
1.616493,-1.999290
-0.268360,-1.047428
-1.633328,1.394705
0.790755,-0.834461
1.530456,-0.928747
1.472910,1.514532
1.836003,-0.843799
-0.965836,1.563758
0.478673,0.648683
1.291664,1.619210
0.670864,-0.535027
0.015681,0.376348
-0.630815,1.934864
1.197183,1.881302
1.808539,-1.755435
-1.671698,1.425032
-1.754725,0.059942
-1.622395,-1.388053
-0.545353,1.168359
-0.222515,-1.014896
-1.760388,-0.749605
-1.500365,-1.924385
0.406596,-0.466200
1.639374,-1.114731
-1.817518,0.931037
-1.495521,0.853347
-1.603990,0.520160
-0.770305,-0.234805
0.455024,-1.573122
-0.353503,0.263564
-1.328557,-0.025200
-0.311404,-1.083283
-1.965258,0.066200
-0.471336,-0.510611
-0.765441,1.306149
0.474493,-0.525828
-1.443456,0.974129
-0.450213,0.963140
-1.492072,-0.810839
1.848409,-1.309589
-1.879802,-1.647112
1.543757,-1.483792
0.873048,-1.226548
0.281404,-0.671928
-0.799670,1.927901
1.591636,-0.128227
-0.097300,-0.719769
0.788490,-0.062558
1.346432,-1.682846
1.426832,-1.419009
1.623304,-0.098675
0.055163,-1.820152
-1.124547,1.604950
1.142988,-0.616619
-1.205890,0.991397
0.073792,-1.085691
1.344285,-0.382451
-0.569483,0.217333
0.391001,1.711921
1.545406,1.591331
1.639821,1.137041
-0.536896,-0.457478
-1.582727,-1.748406
1.479964,1.763704
-1.431251,0.906796
-1.655305,-1.807948
-1.191879,0.399858
-1.628099,-0.316426
0.004807,1.514889
1.066955,0.798918
0.506286,-0.859253
1.713226,-0.149429
0.758297,-0.856257
-1.932095,-0.850702
-1.144336,1.613310
-1.259371,-1.504515
0.750352,0.203733
0.038007,1.167625
0.455328,-0.482029
0.931329,1.024076
-1.575233,1.276024
1.216129,-0.767113
-0.324118,1.588029
0.916461,1.680689
1.102918,-0.016583
0.479607,-0.390796
1.124164,0.192833
1.459776,-0.117539
1.336576,1.527680
1.031759,-1.807760
1.140991,1.772388
-1.312275,-0.108657
-0.023879,0.725731
-0.941033,-1.568552
-1.756298,1.990296
1.455524,-1.331531
1.266320,0.671653
-0.098644,-1.057798
0.259683,-1.182183
-1.377109,-0.637399
0.801234,1.102497
0.971805,-0.074602
-0.704670,0.431581
1.807859,-1.368094
-0.040739,0.839618
-1.175854,-0.899748
0.612005,-0.488130
0.991594,-1.411874
-1.762398,-1.949438
-0.980426,-1.518696
-1.959142,-1.524901
-0.850227,1.307178
1.146752,1.051129
-1.750621,-0.593566
1.868946,-1.127730
0.769035,0.670181
1.974768,-0.259160
-1.404421,-0.729902
-1.827579,-1.596562
-0.097996,0.131682
1.243056,0.726150
1.231934,-0.144938
-1.761980,0.223529
0.443188,-1.524378
0.274090,1.462762
-1.043074,0.314948
1.937860,0.106699
-0.377874,1.084612
-0.842173,-0.128495
-1.508953,-0.973226
0.743775,1.260082
1.696954,0.718543
-0.999078,-1.707467
1.988641,-0.826657
-1.304029,-0.109356
1.305026,1.939028
-1.383206,0.536960
-0.205911,-1.145186
-1.239511,-1.762723
-0.669564,1.034579
1.700038,0.287362
-0.650473,1.637899
-1.605940,0.971653
0.722511,-0.448113
-1.156842,1.213558
0.578661,1.586933
0.473640,0.275615
0.305476,1.474562
0.568148,0.294116
-1.352095,1.264120
-1.815239,1.952931
1.203147,-1.198445
0.489891,-1.002763
-0.343631,1.250379
-0.765487,0.986805
0.284958,-1.065448
-0.725834,1.634485
-1.427549,-0.331774
0.606137,1.294962
1.220114,1.449295
0.508519,-0.201225
1.036228,-1.017841
-1.925610,-0.658296
-1.543279,0.642539
1.635820,-0.895374
-0.093342,1.820581
-0.942443,-0.890194
-1.377864,1.547447
0.107042,0.278505
0.797826,1.341556
-0.734690,-0.917216
-1.723892,0.539476
-1.282731,-1.151442
-1.792298,1.323407
-1.856480,1.427816
0.772702,0.652039
-0.773409,-0.191070
1.634198,-0.699019
1.150634,-1.909082
1.943519,0.786455
-0.804456,-0.149822
0.607036,0.253100
0.959983,1.229172
-0.199453,-0.932974
-0.492323,-1.401626
-1.591418,0.772987
-0.318842,-1.315311
-0.687537,0.398428
-0.466753,-0.479835
-0.278165,-0.323233
-1.052019,-1.505463
-1.671194,0.174571
0.303467,1.963004
1.475552,-0.545899
-1.946078,1.419071
-1.759444,-0.750535
-0.730751,0.847592
1.502566,-1.770768
0.076764,-0.696887
-0.703742,1.584441
-0.098513,-0.295160
0.357428,1.582646
0.389529,1.669891
-0.018927,1.922777
-0.809945,1.702908
-0.400456,0.138036
-1.802555,-0.071650
-1.687393,0.500912
-0.108647,1.788159
1.955013,-0.054725
1.207230,-1.804431
1.194741,-1.523521
1.043161,0.697306
-1.294289,-0.880075
-1.999580,0.001970
-1.295634,-0.098093
1.706810,1.061794
-0.515448,0.096339
0.731685,1.465626
0.019116,1.921741
1.168534,1.618660
0.059777,1.365979
-0.452991,0.372384
-0.133109,1.438363
0.160543,-0.178096
-0.616362,-0.632227
0.017472,-1.421621
-0.155748,-0.939367
1.275685,0.549964
0.180558,1.276104
-1.448067,0.884924
-0.821989,-1.741257
-0.053281,0.662564
0.355082,-1.321596
0.128189,-1.625802
-1.399856,-0.703277
1.992858,0.659921
-1.337298,-0.460133
-0.967695,0.529592
-1.021770,1.192848
-1.648504,0.361868
-1.439379,0.368969
0.940247,0.404874
1.429602,0.215931
-1.045163,-0.389840
-0.507964,-0.493229
-1.504916,0.670047
-0.234486,0.441803
-0.667389,-1.879404
1.120207,1.460800
-1.505206,1.720351
-1.242477,-1.512348
0.380272,-0.579775
0.027519,1.412577
1.949817,1.005749
0.605425,-1.698687
-0.632383,1.166046
0.670282,-1.692136
-0.429080,0.099884
0.523795,0.525758
1.710043,-1.984169
-1.967472,-1.794872
0.685878,-0.201958
0.646930,-1.981511
-0.081361,-0.232863
1.479289,0.413433
-0.512512,-1.763188
0.901085,1.867760
-0.342963,-1.071396
1.280337,-0.393146
1.934353,-0.114238
-0.091832,-0.698030
-0.948191,-1.421550
-0.390167,0.622729
0.678333,-1.866372
-0.851514,0.388377
-1.850541,-0.818985
0.593504,0.835337
0.979057,-0.759565
0.853826,-1.102304
1.007571,0.333115
1.311129,-1.504941
0.569926,0.212213
-1.637181,-1.773037
1.140817,1.643157
-0.166182,1.075169
-0.471081,1.741985
-1.622861,0.580728
-1.679565,-0.013028
-0.796544,0.998768
0.120601,0.351943
-0.612855,0.270060
1.532957,1.980649
-0.894603,0.512014
-0.778916,1.959222
1.409710,-1.771345
0.292337,0.720839
-1.276285,-1.137737
-1.066948,-0.913466
-0.910773,-1.926131
-1.270309,0.923045
1.149038,0.258610
0.665030,1.526177
-1.160663,0.985465
-0.486850,0.042794
-0.015767,1.633750
-1.605264,1.371378
-0.096190,1.927694
1.352028,1.009207
0.439708,-1.426888
0.968429,-0.150582
-1.198233,-0.739234
-1.429743,-0.474518
0.123029,-0.496691
0.612016,1.212256
-0.422823,1.341707
0.135301,-1.273785
-0.399684,-1.199669
-1.747607,0.439654
1.785796,-0.234457
-1.517553,-0.229971
-0.600707,-1.122816
-0.858592,1.303103
-1.195123,-1.506565
0.312310,1.244585
-0.933453,-0.719261
-0.905997,-0.131686
0.541505,-0.335740
1.393796,-1.335466
1.167569,0.005812
1.876790,-1.255254
-0.652481,0.012091
-0.529039,0.947835
0.812422,-0.276646
-0.612511,0.598217
1.488897,-0.130064
-1.631753,-1.111810
0.747120,-0.490345
-1.808707,1.551997
0.003090,0.503602
0.796582,1.069637
1.784341,1.890585
-1.062049,0.325846
-0.445155,-1.668253
0.990379,-1.277586
0.337559,0.867170
-0.532840,1.685078
-1.120740,0.938121
0.632913,1.691682
-1.338525,-1.979599
0.289899,-1.849628
-0.109663,0.658146
-0.961438,-1.362543
-1.832199,-0.770145
-1.810546,0.170891
1.733457,0.986036
-0.759472,1.517798
0.876621,0.178479
-0.156357,-1.568534
0.510226,-1.165977
-0.846121,-1.152215
1.701192,0.621039
-1.467138,-1.419547
-0.440840,1.165775
-1.727865,0.220635
1.186176,0.562034
0.371007,-0.923486
-0.779820,1.409569
-0.286029,-0.612019
-1.360576,-0.096575
1.558871,-1.627119
-1.110540,-1.200601
1.890679,1.766081
0.977877,-0.265678
-1.802454,-0.511897
0.568345,-0.648574
0.335888,0.269538
1.972464,0.868750
0.849990,-0.468376
0.034524,1.122125
1.752260,-0.779300
-0.315841,0.123267
0.297214,0.904339
-0.467164,-1.988815
-1.707681,0.172260
-0.085391,1.851190
0.545141,0.804070
-1.349411,0.435819
0.570150,1.628466
-1.829859,0.767697
-0.883431,0.738487
-1.880877,1.452457
-0.991976,-1.908413
0.321207,1.858015
-0.376789,-1.644269
0.980139,-0.624529
-0.423569,-1.335702
1.498738,1.873645
1.568637,-0.968426
1.884830,1.860956
1.203834,-0.200560
1.712147,-0.251026
-1.396491,-1.637264
-1.815207,1.173660
1.991202,-1.645065
-0.058643,-0.892228
1.093421,0.060479
-1.439771,-1.898555
0.152066,0.881436
1.959460,1.775278
1.237167,0.939600
-0.849251,-1.186402
1.603898,-1.350514
-1.312757,1.172535
-0.318940,-1.427926
1.033491,-1.115106
0.371513,0.745638
0.633868,0.975023
1.108374,0.818661
0.148682,1.099577
1.173596,-1.909961
-1.792651,0.267017
0.150518,-1.232422
0.368463,-1.697415
1.649013,0.327923
-1.922138,0.886180
-0.732478,-0.771389
1.699778,-1.128580
-0.121903,-1.612979
-1.956045,1.559158
-1.040905,1.077446
-1.555949,1.330608
-0.176916,1.077919
0.305631,-1.068541
-0.103420,-1.545687
-1.968965,-0.929824
-1.455648,-1.761616
1.337193,0.694871
-0.994038,-0.294344
0.997455,-1.345025
-1.966422,1.075318
1.541155,-0.698900
-1.696071,1.240933
0.172520,0.182026
1.627954,0.216475
-0.258816,-1.412951
-0.706079,0.185235
1.917657,1.117006
-0.736846,0.223288
-1.951536,1.159734
0.677601,-1.920500
-1.770090,1.221954
-1.682116,1.567103
-0.083176,-0.676155
-0.727241,-1.085720
-0.021180,-0.693663
1.989597,-0.480025
0.607437,-1.706474
-1.239092,-1.220043
0.475552,-1.611138
0.996433,-1.783264
-1.024090,-1.709646
0.401972,-1.106433
1.407360,1.665126
1.116855,1.455824
0.824860,-0.205543
1.535324,1.054770
-0.983590,1.853208
0.621873,0.933235
-0.822947,1.894632
1.847514,1.155874
-0.799032,1.837112
-1.324151,1.808406
-1.869362,-0.563243
-1.411637,0.606190
-0.174382,1.584796
0.822927,0.801529
1.875150,-0.775102
1.695096,1.282510
-1.109976,0.811951
0.738334,1.714884
-1.393592,0.273658
0.769654,-0.377182
0.126866,-0.608473
-1.443947,1.303920
-0.713841,-1.596433
0.459793,0.487127
-1.759321,1.135642
0.295533,-1.628683
-1.427601,0.883896
0.977507,0.398018
0.468692,-0.199566
-0.800454,0.343842
1.025332,-1.105357
-0.373648,1.915356
1.706594,-1.635314
1.630240,-1.686998
0.638344,0.399894
-0.064180,-1.234789
1.791421,0.491873
-1.930870,-0.922420
0.895440,0.528923
1.564708,1.136119
-0.335434,-0.139759
1.507436,0.236965
-1.255863,0.484943
-1.365017,1.212829
-1.714623,-0.165471
-0.443329,1.310709
0.729172,1.183022
1.226066,0.435766
1.547708,0.856306
0.748768,0.186053
-0.743800,-1.315412
0.951263,-0.952378
1.176461,1.020393
0.125202,0.071901
-0.450683,-0.310090
-0.791980,1.213883
1.550150,-1.284544
-0.549152,-1.705713
1.200399,0.085831
1.507116,1.485776
1.920360,-0.936213
0.796485,0.649532
-1.753191,0.022551
-0.914702,1.794517
-1.121143,1.834066
-0.019430,0.135057
-1.481347,-1.068167
1.182679,1.695114
1.952227,-0.692119
-0.232985,-0.498457
0.997790,0.975035
-1.284574,0.547941
1.690491,0.166274
0.842228,0.890890
-1.747895,0.349344
0.376666,-1.827535
1.413130,-0.826848
0.821997,1.659939
1.195703,1.907294
1.454456,-1.925441
1.741360,-0.564973
0.209616,-1.739987
0.366860,-0.607705
1.955128,0.319086
0.700176,-0.277857
1.820630,-0.302034
-1.302822,-1.463944
-1.754093,-1.612330
0.702330,1.088134
1.278560,0.954434
-0.562522,-0.344774
1.126899,-1.149392
0.828377,-0.051104
-1.489453,0.024080
-0.143810,1.965004
0.098639,-0.402450
-0.599970,-1.691744
-0.142437,1.766890
-0.299449,-0.187310
0.085976,-1.599274
1.534833,-0.093394
0.098692,-1.767988
0.442662,0.344599
-1.380319,-0.855008
-0.567267,1.898241
-1.900574,0.870211
-0.446533,1.226325
1.720820,-1.618156
-0.824780,-1.768633
0.405924,1.031410
-1.803629,-1.495436
-1.371040,-0.403599
-1.187181,0.486523
-0.636709,0.513370
-1.700787,1.449267
0.914096,1.834046
-0.644127,-0.987211
-1.933942,1.798535
1.357388,-1.314261
-1.056473,-1.209879
-1.416020,-0.957047
1.660333,0.137447
-1.730723,1.381152
0.519291,-0.555502
1.612519,-1.074785
-1.524092,1.808890
-0.570221,-0.895132
-0.594709,0.242598
1.591391,0.768581
-1.244032,1.890604
0.217849,1.670064
1.724650,1.573722
-1.317147,1.790708
1.372257,-1.959759
-1.523553,-1.684216
-1.169637,-0.939573
-0.641264,-1.509304
1.197874,-0.371986
1.871848,-0.282835
1.072512,1.484367
0.642380,1.548420
1.293257,-1.927841
-1.346712,-1.301453
0.314757,-1.755322
1.467129,1.070725
-1.864718,-0.315022
0.740789,1.859932
-0.741301,1.423642
1.650640,-1.369043
1.463884,-1.872913
-1.053260,-1.705754
-0.812485,0.305476
-1.215058,-1.614611
1.933490,-1.343210
0.102554,1.006001
-1.858843,-1.255066
0.554421,1.434414
-1.182908,1.207709
-1.867039,1.131849
1.452387,1.600090
0.202573,1.587669
-0.714933,-1.056638
1.447601,0.543767
-1.632995,1.098241
1.174723,1.830888
1.225328,-1.878536
-1.874866,-1.587157
0.426940,-1.089924
-1.201769,0.360430
-0.433134,0.900785
-0.633569,-0.291977
1.645718,1.920852
-0.857564,-1.537189
1.128561,-0.724603
1.594660,0.580948
-1.124513,-0.202767
0.168616,0.160554
0.740596,-0.383783
-1.295679,1.107600
-1.285542,1.879044
0.938488,1.939786
-1.999492,1.063623
-1.647371,0.427448
1.973699,-0.849140
-1.212123,-0.459435
-1.948355,0.154309
1.248587,1.697363
0.075161,-1.608977
-1.839826,-0.796278
-0.333580,1.754834
1.784670,0.541907
-0.447933,-0.046713
-1.297539,-1.707338
1.569504,-0.593218
1.400262,-1.716038
-0.714174,0.338751
-1.776253,-0.713666
-0.597626,-1.423624
1.713781,-0.623927
-0.272764,-1.498342
0.916638,-0.221119
0.655967,0.165225
-0.523756,-1.268872
0.556248,-0.363582
-0.065149,-1.777331
-0.608748,-0.280479
0.764576,0.943318
1.672808,1.467037
1.235981,1.242311
-1.126182,0.636243
1.526273,0.159644
-1.025006,1.750020
1.445978,0.377368
-1.673604,1.159759
1.753441,0.053633
1.661417,0.670078
1.832513,0.317384
-1.164697,-0.691242
1.048513,1.391551
0.945176,-1.016636
1.614220,-1.663573
0.702885,0.378796
1.279746,0.375692
-0.154168,0.515727
-0.381996,0.719651
-0.848030,-0.855723
-1.120705,0.126964
-1.105703,-1.674727
-1.495668,-0.779306
1.485031,-1.742228
1.274326,1.146449
0.927850,1.106839
-0.536167,1.763153
-1.584403,-1.487654
1.154705,1.360773
-0.504290,0.768925
1.697200,-1.801406
-0.852280,0.976946
0.574286,0.993553
-0.507328,-1.807710
-0.286797,0.644642
-0.663433,0.592498
-1.228394,0.230864
0.917771,-0.724063
1.451557,0.402802
-0.466290,0.725883
-0.450749,-1.538440
-0.167277,1.013084
-1.775287,0.248320
1.525430,1.379418
-0.390908,-0.978860
0.148343,-0.693708
-0.780266,1.296063
-1.716762,1.794021
0.289616,-0.224089
1.986311,-1.997181
-1.579447,-0.677123
0.595317,-0.807842
1.553741,-0.486912
0.468096,1.005298
1.915890,-1.998194
-0.268818,-0.534859
-1.536635,1.563904
-1.521775,-1.311921
-0.187776,-1.996344
-1.932503,1.421316
-0.975204,0.215840
-1.272391,0.244530
-0.488097,-0.989153
0.038551,1.801519
0.786757,0.024862
1.804339,1.207310
1.347739,0.399656
-1.600532,0.901480
1.912744,0.867564
-0.093221,1.828634
0.869370,1.637960
-0.706225,1.332735
1.201865,-0.227999
-1.979186,-0.985911
-0.224344,-1.911689
-1.564595,0.800452
0.304151,-0.836986
-0.955018,1.816054
0.173861,1.083533
1.617573,-1.039382
-0.891605,1.421912
-1.832072,-1.543866
-0.178432,-1.432604
1.357614,-0.265689
1.434961,-0.735607
-0.437055,0.304330
-1.097647,0.856721
-0.362934,-1.895782
-1.371279,-0.342120
-0.881693,0.404378
-0.253809,-0.446288
-0.795170,-1.949659
0.716726,0.249812
1.866395,-1.109414
-0.666655,1.483969
-0.148796,0.441740
0.905880,0.019132
0.897874,-1.272552
0.586528,0.255488
0.461759,0.021489
1.519881,-1.975295
-1.674181,-1.577765
0.881425,-0.037115
-1.473547,1.510147
1.620765,-0.355240
-0.085476,-0.633044
1.198472,1.119354
-0.582703,-0.084803
-0.630834,-0.716308
0.805784,0.702511
-1.232339,-1.343012
-0.855749,1.673541
0.676120,-1.957875
-1.599011,-0.737351
0.297613,0.862748
1.284138,-0.182506
0.887453,1.609957
0.239729,-0.231121
-0.427158,0.766182
-0.720975,-0.806393
-1.589058,1.193549
0.560563,1.609413
0.312903,1.977860
-0.475389,1.682069
-0.738448,-1.669605
0.384580,0.029213
-1.012617,1.528831
-0.297246,1.663503
1.570956,0.103744
-1.073848,-0.131432
-1.033508,-1.789711
1.686063,1.853945
1.820246,-0.074209
-0.377177,-0.606911
-1.308027,0.901849
0.586696,-0.897085
0.095398,-0.852741
-1.287672,-1.591698
-0.874882,0.236939
-1.909629,0.386671
0.567333,0.474951
-1.584116,1.554716
0.003782,0.118638
1.218219,-0.425262
-1.777618,-1.855630
1.443306,-0.811126
-1.645341,1.129369
-0.957181,-1.825094
-0.944840,0.665642
-0.432006,-0.252867
-0.432509,-1.845310
0.850048,1.662889
-0.698051,1.562376
-1.928809,0.427067
-0.200686,-1.838438
-1.186262,-1.633353
0.636513,-0.770378
1.921363,-1.359705
1.348260,1.139582
0.215033,1.570642
1.283952,-0.341660
-1.240484,1.638611
-1.212291,-0.197665
1.813517,-0.157131
-1.532023,-0.618489
1.590002,0.035468
-0.463798,0.440050
-0.301643,0.838150
0.002426,-0.230452
-0.734782,1.801740
-0.068890,0.078956
-1.831613,-1.432377
1.308578,-1.910249
-0.792081,0.656838
1.229333,1.422952
0.227480,0.513285
-0.918708,0.986996
0.151896,-0.131000
-1.210668,-0.034587
1.711869,-0.742691
1.346925,1.301871
1.292777,-1.116874
-0.258079,-1.008865
1.721276,1.744346
0.760683,-1.013506
1.546086,-1.308207
1.065450,1.714474
-0.740584,0.374027
1.804224,0.467335
-0.969135,1.033557
-0.109714,1.258345
-0.453158,0.971578
0.245342,1.698738
-1.159422,1.034673
-0.335849,-1.447553
-1.708018,-0.988924
1.854318,1.584759
-0.105798,-0.403761
-1.424106,-0.384522
-0.659415,1.336577
0.601972,-1.113328
-1.971630,-0.332578
-1.398855,-0.712214
-1.958551,-1.594630
1.755120,-0.927686
1.438927,-0.354593
-1.669341,-1.014232
-1.383015,0.576001
-1.315494,-0.542437
-0.389326,0.348657
0.010010,-0.097344
1.359733,-0.135672
-0.512584,-0.746065
1.460567,0.063310
0.869413,-1.198848
-0.600114,-0.528614
-0.312176,-0.571744
1.138808,0.288969
0.716042,1.180257
0.694339,0.471162
-1.747429,0.133265
-1.883431,-1.416769
1.119034,-1.266446
1.159232,1.803540
0.191117,-1.230094
0.152198,-1.798873
0.672563,-0.488069
0.065455,-1.840021
0.765866,-0.473978
0.223288,-0.364721
0.327174,1.623175
1.106665,-1.985002
-0.948569,0.245473
0.303967,1.767472
-0.574270,-1.001694
0.238635,-0.321699
1.131571,0.355204
0.261532,0.250605
1.088758,-0.579236
0.054145,-0.720125
0.190670,-1.793657
-0.518997,-1.136767
-0.281727,1.546458
-0.976789,-1.515861
-0.927520,1.246499
0.119418,1.399654
0.869674,-0.773917
1.414652,1.921105
1.471555,-0.281381
1.688577,-1.102715
0.716925,-0.072788
0.575586,-0.151504
-1.717584,-1.162882
-1.900899,1.371174
0.257882,0.153246
-1.348951,-1.551448
0.359588,0.132052
-0.688215,-1.922138
-0.321490,0.334996
-1.438000,0.750990
-0.418505,0.681418
0.150644,-1.548831
1.907501,-0.434704
-1.627726,1.379056
1.283915,-1.939149
-1.723659,0.000840
-0.011937,0.851928
1.849336,0.270479
1.689046,1.948437
-0.358348,-0.053072
0.101682,0.292702
0.395479,-1.538729
-1.575247,1.707264
-1.460868,0.103263
0.042260,-0.898868
-1.145748,1.623755
1.782551,1.004896
-1.925076,1.690051
-1.429808,-1.552802
1.069108,1.854108
-1.491951,1.345449
-0.145052,0.496112
0.197377,-0.295716
-1.233410,-0.113577
-0.347280,0.408243
1.833350,1.754402
-1.299056,0.228829
-1.784327,-0.874302
-0.063907,-1.245195
1.228960,1.978353
-0.144062,-1.916788
1.602108,-0.361512
1.088109,1.677032
-0.671461,1.658301
-1.875770,-1.602353
1.512409,-1.367721
1.743096,-0.632644
1.128391,-0.059527
1.071640,1.894981
1.826895,-1.275640
0.303224,1.660245
-1.521237,1.004168
-0.110925,-1.305564
-1.870134,1.825168
-0.550759,1.358826
1.803520,1.305178
1.442038,1.405628
-1.056334,0.530147
1.082660,0.272206
0.188448,1.206889
0.669853,-0.299143
1.839168,0.412949
1.068213,0.967559
-1.646578,0.139853
0.862539,-1.819683
0.864213,-0.834237
1.840563,1.342976
-1.830069,-0.270363
-1.962588,-1.700203
-0.445195,-0.513347
1.658622,-0.641675
-1.208169,1.100661
-1.236047,-0.264502
-0.369192,1.846613
-1.992296,1.819256
1.053502,0.677557
-0.479888,0.892670
-0.909494,-1.411675
-0.139771,-0.556072
0.728178,-1.277232
-0.375755,-0.407609
-0.111469,-0.535192
-1.064633,0.058463
1.194445,-1.027221
0.358259,-1.250750
0.459432,0.016882
0.107576,1.251263
-0.882458,0.871529
-1.013239,0.748350
0.718142,-1.005536
0.567606,-0.228355
1.672021,-1.912282
-1.335685,-1.237473
-1.323957,0.524544
0.206455,1.404221
1.247312,1.830700
-1.003388,-0.864156
-0.704492,-0.068020
1.194306,-1.510047
0.904759,-0.447435
-0.760796,-0.635809
1.569447,1.346780
-1.384545,-1.313011
0.218309,-0.397785
1.435340,-1.063549
0.596680,0.002945
0.708096,0.268701
0.090663,1.372410
1.031228,0.766706
-0.103046,-0.762317
0.170927,-0.855734
-0.931617,1.167540
0.280110,0.363890
-0.900481,-0.525584
0.853844,-1.995722
1.026981,-1.906953
-0.631530,0.596428
1.439827,-0.016076
1.283418,-0.341864
1.586140,0.718757
0.594587,0.182820
-1.278297,-0.697317
-1.548479,0.812366
-1.324907,1.482748
-0.420928,0.572047
-1.279569,1.750000
1.716314,-0.211186
0.917539,-0.003577
-1.847296,-1.982942
1.470839,1.006547
-1.978663,0.497820
1.099595,-0.610193
-0.905752,0.539421
1.373731,-1.622334
-1.802443,0.959871
1.096423,0.792144
-0.857310,1.818126
-1.905173,-0.405789
0.630492,-1.230080
-0.923041,-1.790435
1.341967,-0.202610
1.959564,1.058280
1.586204,0.877103
-0.945296,1.738908
0.894162,-1.474457
0.745455,0.915499
1.023363,-0.154950
-1.694695,-1.882389
-1.615529,1.679036
-1.504722,-1.417971
0.638907,1.591701
1.374173,1.781597
1.409827,1.468999
-0.624192,0.040319
-1.761081,0.452767
0.249884,1.580886
-1.749843,0.209448
0.639166,1.836361
-0.913448,1.693870
1.575269,1.980713
-1.780587,0.320724
0.896212,1.242776
-1.834226,1.201518
1.360387,-1.449754
0.880554,1.855665
-0.867726,-0.480539
1.447366,-1.493553
-0.698942,0.857193
1.975447,0.676866
-1.102488,-1.785634
-0.870367,1.147396
1.795251,-0.620210
-0.643156,0.434418
-0.783849,0.443396
0.128288,-1.208580
0.424109,0.347700
1.112145,-0.679679
-0.409524,1.277919
-1.478161,-1.049137
1.828165,1.402393
-1.193472,-1.039561
-1.078146,-1.746107
-0.533114,0.222912
1.111086,-0.557667
-1.100222,-1.991402
-0.343301,0.029410
1.155993,-0.548050
1.409201,-1.487163
1.886368,-1.374648
0.956233,0.014655
-0.583228,-0.619658
-1.637644,-1.471083
0.700664,-0.047169
1.806836,1.222503
0.903694,1.635001
0.624896,1.710222
-1.404560,1.546750
1.964115,0.062327
-0.230339,1.075201
1.504660,0.669439
1.083798,-0.838642
-1.301151,0.239791
0.613309,-1.891950
0.752629,0.499676
-1.266598,-0.291138
-1.485668,0.150174
1.089205,-1.123313
0.679091,-0.210132
0.829519,0.485927
-0.987629,-0.266787
0.120928,1.637267
-0.556565,0.716368
1.184017,-0.592450
-1.221305,-1.046322
-1.517250,-1.716646
1.623117,1.566548
-0.555287,-1.678034
-0.193660,-1.941978
-1.569984,-1.441031
0.557698,-0.836583
0.267831,1.072030
1.313591,-0.642965
1.948717,-0.007318
1.146904,0.778236
-1.521391,-1.840725
-1.488551,0.599537
1.796542,-0.045117
-0.684095,0.980559
1.362433,0.094600
1.934237,1.845183
0.377954,1.557354
1.411732,1.822667
1.879320,-0.781928
1.880689,-1.690664
-0.222960,0.438387
-0.527247,-1.955129
-0.489583,-1.213656
-0.598093,-0.540866
0.779026,-1.451190
-1.762630,1.257635
-1.291914,-1.251182
-0.142828,-1.495372
0.703702,1.173077
1.485187,0.066135
-0.732323,1.419424
-0.088682,1.645632
0.976778,-0.676950
1.468299,0.856097
0.541122,1.348988
1.165433,-1.681838
-0.212625,-1.361814
-1.636967,1.297791
-0.575470,-0.235060
-1.243075,-1.796445
0.313750,-1.005706
1.461190,1.021836
-0.256887,-0.681638
1.526464,-1.553186
-1.508560,1.011651
0.512949,-0.240883
0.431075,-1.575732
-0.595252,-0.592148
-0.252682,-1.126953
-1.736050,-1.711560
-1.777965,1.429383
-1.393398,0.009409
-1.932432,-1.030365
-0.692799,-0.507902
0.734575,0.064125
-0.304347,-0.951675
1.058420,-0.843156
-1.929839,-1.198468
0.475206,1.596625
-0.751653,0.966646
0.608276,1.761296
-1.274237,-0.960649
-1.814436,0.130511
0.447203,-0.067119
1.003559,0.711152
0.221321,1.225593
0.140535,0.827922
-0.764997,0.208103
1.797557,0.542204
1.700201,0.532132
-1.393671,-0.604146
1.580457,1.664749
0.552698,1.650619
-1.533719,-0.972095
1.247244,-0.285372
1.994551,-0.144480
-0.524076,-1.279687
0.894871,-0.338512
0.850825,-0.657927
1.594369,-0.145617
-1.946774,-0.184310
-0.920023,0.193761
-1.356388,0.314980
-1.598136,-1.558830
-1.142817,-1.897935
0.973302,-0.536488
-0.502081,0.553759
-0.871739,-1.949382
0.204378,-0.405458
-0.921478,-0.548378
1.309171,-0.926927
1.307142,-1.214905
-0.206614,0.202012
0.446582,-1.355789
1.544086,0.040951
0.498594,1.597311
1.856641,1.578571
-0.208928,-1.499747
-0.106450,0.192936
-1.058577,0.750733
0.295001,1.914725
-1.785754,1.792920
0.468484,-0.657493
1.843538,-1.327138
0.937049,-1.077940
0.124484,0.246220
-0.004867,-0.568374
1.031314,1.788519
1.633638,-0.522103
-1.567270,1.177724
1.518848,0.931324
0.775035,1.375489
0.509895,-1.433893
1.875742,-1.596555
0.759043,-1.182835
1.154179,-0.945956
-1.268110,1.368424
-1.153036,1.200374
-1.289069,-1.309498
1.873236,1.647980
-0.387438,-0.002281
-0.105801,1.607695
1.429345,-1.074486
1.396215,1.062983
0.403410,1.828945
0.240707,-0.077742
0.760269,-0.984258
-0.702253,-0.729836
-0.418151,-0.826510
-0.326391,-1.659108
-0.009345,-1.172212
-0.605064,0.722545
-1.803788,0.241900
-0.077081,-1.092857
0.932402,-0.203846
-1.444877,-1.455036
1.793873,0.449323
-1.847340,1.223218
1.374836,1.548874
0.286201,-0.221754
1.377819,-1.473092
1.700504,0.138088
-0.457350,-1.001748
1.408253,1.124499
0.171741,-0.918138
1.465391,-1.837604
-0.090350,-1.139674
0.884941,0.105863
1.102226,-1.192141
1.013006,0.034628
0.604013,1.568129
0.579593,0.397887
0.017452,0.732252
-0.378895,-0.607712
0.281127,1.907306
1.170534,-0.341054
-1.565786,0.871039
1.797034,-0.023137
1.869290,1.205287
-0.898638,0.041031
-1.712851,-1.433247
0.203427,0.196799
-0.572921,-0.911632
-1.697338,-1.470695
-0.103773,1.315668
0.563934,-1.499760
0.883797,-0.856473
0.898127,-1.098752
1.875779,-1.480768
0.293536,0.156906
-1.573461,-0.535930
1.815852,-1.139247
-1.664891,1.612886
0.837616,-1.795601
0.818173,1.938978
0.245430,1.105322
-1.494270,-1.551143
-0.697879,-0.067191
-0.462775,-0.395217
0.462115,1.433451
-1.079549,-0.973952
1.933692,1.804248
0.169575,0.831819
-1.294504,0.045354
1.351051,0.999032
-1.797740,1.777590
-1.536897,-1.981889
-1.361658,-1.201788
1.630997,1.475958
-0.997389,0.449170
1.414936,1.248041
-0.445508,1.920667
1.696898,0.856614
-0.146524,-0.765877
-1.538603,-1.684409
-1.332426,-0.618153
-0.658361,-1.398734
-0.813905,1.511214
1.433085,-0.108409
-0.443432,0.784136
-1.109377,-0.241172
0.561726,-0.646274
-0.223060,1.200068
0.151938,-0.592063
0.676027,1.154548
1.857107,0.090963
0.402589,-0.588400
0.011630,0.099487
-1.731787,1.865106
1.333610,-1.270390
-1.819303,-1.998816
0.111457,-0.477663
-1.397550,1.297552
-0.966449,-1.964465
-0.810857,0.590119
0.819671,0.079766
-1.651052,-0.618603
1.433492,0.125887
-1.418535,-0.414571
1.533824,1.257492
-1.260022,1.390931
-0.651545,1.142567
-1.197469,1.360085
-0.757946,-0.929255
1.225191,-1.424336
-0.199645,1.405888
-1.423152,1.911812
-1.071775,-0.820702
1.209364,-0.038224
-0.785167,-1.601493
-1.448104,-1.965496
0.478273,-1.099157
-0.584100,-0.088235
1.026730,-0.002634
1.497194,0.560554
-0.745143,-1.762828
-0.048514,0.603312
1.379739,0.754017
-0.036603,-1.378206
1.824762,-0.811411
-0.802542,-0.374883
-1.405523,-0.225694
-0.463071,-0.477298
0.953605,-1.253707
1.484478,-1.831562
-0.855200,-1.963626
-1.797059,1.623073
-1.062783,-0.381158
-0.465162,1.963947
1.616207,-0.967968
0.524502,-1.128935
-0.730795,-1.524012
1.474377,-1.351056
1.230005,-0.562225
-0.729262,1.054767
0.626363,0.468196
-1.320117,1.220840
-1.757498,0.216812
-1.256458,1.196107
0.963105,-1.771979
1.364544,-1.892096
-1.735606,1.567485
1.730977,-0.798389
-0.813673,-0.734185
-0.834441,-1.197466
0.297847,1.690061
-0.326401,1.567052
-1.833952,-0.852024
-1.784004,1.396053
0.585751,-0.513266
0.450820,-0.787886
1.954929,1.130703
-1.567046,-1.802569
-0.652485,-0.823503
1.393538,-1.689380
-0.595483,0.758082
-1.581476,-0.331088
0.325567,-1.850499
0.870523,1.511894
-0.584684,-1.963918
-1.685572,1.713164
1.726142,-0.011972
1.280216,1.892190
1.136004,1.496212
1.288244,-0.278245
-1.017054,-0.260936
0.933869,-1.062125
-1.130233,1.366823
-0.864694,0.217282
-1.456680,-1.471157
0.527902,-0.052163
1.286925,0.946426
1.616748,-0.387508
1.095928,0.487271
-0.875614,-1.488756
0.523353,-0.561186
-1.775592,0.249495
1.426842,1.504624
0.141686,0.562846
1.000836,-0.570070
-1.715399,1.983782
1.168993,1.218469
-1.078343,-1.961240
0.585292,0.056962
0.256042,1.128612
0.585806,-1.216055
-0.923551,-0.127269
1.730371,-1.306803
1.485223,0.826298
1.180469,-1.390391
1.337542,-0.296178
0.048423,1.561950
1.953318,-0.524735
1.066575,0.095003
